时间,真实值,预测值
2018-07-25 23:30:00,42.391376,10.433477
2018-07-26 00:00:00,7.7510285,8.966378
2018-07-26 00:30:00,7.4822836,7.9571743
2018-07-26 01:00:00,3.355278,8.504867
2018-07-26 01:30:00,4.7732563,9.597352
2018-07-26 02:00:00,4.843734,7.930757
2018-07-26 02:30:00,4.9142065,8.092947
2018-07-26 03:00:00,5.619554,8.519557
2018-07-26 03:30:00,4.443017,10.158279
2018-07-26 04:00:00,-2.9978292,9.732583
2018-07-26 04:30:00,10.351522,9.314214
2018-07-26 05:00:00,8.137016,8.047921
2018-07-26 05:30:00,17.288946,6.722791
2018-07-26 06:00:00,7.157698,2.6897092
2018-07-26 06:30:00,13.257681,1.7880646
2018-07-26 07:00:00,1.7393246,-1.0612361
2018-07-26 07:30:00,-9.779031,-6.487536
2018-07-26 08:00:00,-7.134819,-9.232863
2018-07-26 08:30:00,-8.1670065,-11.716896
2018-07-26 09:00:00,-9.319551,-14.022419
2018-07-26 09:30:00,-12.254601,-17.121523
2018-07-26 10:00:00,-17.388987,-19.308844
2018-07-26 10:30:00,-24.315876,-21.464743
2018-07-26 11:00:00,-19.384172,-22.59605
2018-07-26 11:30:00,-31.685522,-22.822176
2018-07-26 12:00:00,-16.390364,-23.507698
2018-07-26 12:30:00,-15.588437,-20.855919
2018-07-26 13:00:00,-23.952736,-21.738224
2018-07-26 13:30:00,-18.220188,-21.450405
2018-07-26 14:00:00,-17.177326,-20.391562
2018-07-26 14:30:00,-24.131285,-16.677
2018-07-26 15:00:00,-17.948454,-16.566517
2018-07-26 15:30:00,-22.859354,-15.186209
2018-07-26 16:00:00,-19.44365,-13.564883
2018-07-26 16:30:00,-12.525674,-12.069056
2018-07-26 17:00:00,-17.620943,-9.476533
2018-07-26 17:30:00,-4.0231433,-6.6491184
2018-07-26 18:00:00,-1.9767619,-3.948655
2018-07-26 18:30:00,2.1956367,-0.9841959
2018-07-26 19:00:00,6.368031,1.4356115
2018-07-26 19:30:00,16.040987,2.473383
2018-07-26 20:00:00,25.713942,5.9240317
2018-07-26 20:30:00,15.029607,7.262894
2018-07-26 21:00:00,17.568579,9.645939
2018-07-26 21:30:00,17.224018,9.311579
2018-07-26 22:00:00,16.879456,9.665684
2018-07-26 22:30:00,16.534893,10.530442
2018-07-26 23:00:00,16.190336,11.225434
2018-07-26 23:30:00,15.845774,13.135697
2018-07-27 00:00:00,15.501212,14.98788
2018-07-27 00:30:00,15.15665,14.450031
2018-07-27 01:00:00,14.812088,13.989284
2018-07-27 01:30:00,14.4675255,11.755204
2018-07-27 02:00:00,14.122968,11.939144
2018-07-27 02:30:00,13.778406,11.394182
2018-07-27 03:00:00,13.433845,13.549807
2018-07-27 03:30:00,13.089282,13.630587
2018-07-27 04:00:00,12.74472,14.522073
2018-07-27 04:30:00,12.400158,11.550933
2018-07-27 05:00:00,12.0556,11.160444
2018-07-27 05:30:00,11.711039,12.282947
2018-07-27 06:00:00,11.366477,6.150512
2018-07-27 06:30:00,2.2563095,3.5986679
2018-07-27 07:00:00,0.56336844,0.18057908
2018-07-27 07:30:00,-1.1295683,-4.1683455
2018-07-27 08:00:00,-2.8225093,-7.4027777
2018-07-27 08:30:00,-4.5154505,-12.567563
2018-07-27 09:00:00,-6.2083874,-13.887471
2018-07-27 09:30:00,-7.9013286,-14.788033
2018-07-27 10:00:00,-9.594269,-17.813143
2018-07-27 10:30:00,-11.287206,-15.782787
2018-07-27 11:00:00,-12.980146,-18.784672
2018-07-27 11:30:00,-14.673086,-16.821419
2018-07-27 12:00:00,-16.366024,-17.245472
2018-07-27 12:30:00,-18.058964,-17.73551
2018-07-27 13:00:00,-24.650272,-19.428598
2018-07-27 13:30:00,-23.832281,-20.706823
2018-07-27 14:00:00,-14.167013,-17.843597
2018-07-27 14:30:00,-21.019697,-17.119347
2018-07-27 15:00:00,-22.745687,-13.431382
2018-07-27 15:30:00,-14.631099,-11.785385
2018-07-27 16:00:00,-13.521618,-12.872434
2018-07-27 16:30:00,-14.239326,-9.933741
2018-07-27 17:00:00,-11.147906,-10.609538
2018-07-27 17:30:00,-4.386371,-7.100441
2018-07-27 18:00:00,-3.8519351,-2.9845812
2018-07-27 18:30:00,-0.7601273,0.045221206
2018-07-27 19:00:00,2.3316808,4.8136377
2018-07-27 19:30:00,11.0862665,9.266081
2018-07-27 20:00:00,-27.292652,12.741133
2018-07-27 20:30:00,-24.57848,11.953341
2018-07-27 21:00:00,-21.864311,13.685833
2018-07-27 21:30:00,-19.15014,14.342702
2018-07-27 22:00:00,-16.435966,13.723046
2018-07-27 22:30:00,-13.721797,12.711714
2018-07-27 23:00:00,-11.007625,11.560746
2018-07-27 23:30:00,-8.293455,8.372345
2018-07-28 00:00:00,-5.579285,10.019793
2018-07-28 00:30:00,-2.8651147,8.985774
2018-07-28 01:00:00,-0.1509448,8.505156
2018-07-28 01:30:00,2.5632255,8.259315
2018-07-28 02:00:00,5.2773995,8.219238
2018-07-28 02:30:00,7.9915695,9.105329
2018-07-28 03:00:00,7.1563435,10.673188
2018-07-28 03:30:00,6.3211217,11.400309
2018-07-28 04:00:00,5.4859004,15.844917
2018-07-28 04:30:00,4.6506743,11.57575
2018-07-28 05:00:00,3.8154528,7.8577147
2018-07-28 05:30:00,5.0560136,11.005761
2018-07-28 06:00:00,7.026395,4.132999
2018-07-28 06:30:00,4.5030866,3.527749
2018-07-28 07:00:00,-6.083057,-4.6024485
2018-07-28 07:30:00,-4.4361296,-8.386793
2018-07-28 08:00:00,-4.6948647,-12.134347
2018-07-28 08:30:00,-2.858766,-14.609545
2018-07-28 09:00:00,-8.621086,-16.312744
2018-07-28 09:30:00,-13.9625,-16.540056
2018-07-28 10:00:00,-25.69164,-17.716064
2018-07-28 10:30:00,-18.475042,-16.806463
2018-07-28 11:00:00,-17.14543,-17.146564
2018-07-28 11:30:00,-24.660486,-19.413004
2018-07-28 12:00:00,-25.684952,-20.586185
2018-07-28 12:30:00,-28.317654,-23.454514
2018-07-28 13:00:00,-27.179781,-23.278374
2018-07-28 13:30:00,-24.388834,-26.496937
2018-07-28 14:00:00,-22.956675,-26.840706
2018-07-28 14:30:00,-19.48677,-26.497732
2018-07-28 15:00:00,-14.403572,-24.347204
2018-07-28 15:30:00,-14.702431,-21.150797
2018-07-28 16:00:00,-19.622494,-16.890026
2018-07-28 16:30:00,-19.665897,-15.896672
2018-07-28 17:00:00,-12.633283,-10.617499
2018-07-28 17:30:00,-11.377035,-7.6868024
2018-07-28 18:00:00,-6.676593,-6.1589003
2018-07-28 18:30:00,-3.5327897,-0.8845662
2018-07-28 19:00:00,0.9774467,-0.23078142
2018-07-28 19:30:00,2.4138944,4.783437
2018-07-28 20:00:00,17.955074,0.42070064
2018-07-28 20:30:00,15.900399,-3.1474442
2018-07-28 21:00:00,-22.039137,0.0006976053
2018-07-28 21:30:00,17.837612,1.3813006
2018-07-28 22:00:00,20.475708,2.6874108
2018-07-28 22:30:00,6.0276814,4.192986
2018-07-28 23:00:00,12.873031,5.7628555
2018-07-28 23:30:00,19.718378,0.9487313
2018-07-29 00:00:00,26.563726,1.3065804
2018-07-29 00:30:00,15.260902,-2.2414525
2018-07-29 01:00:00,3.9580812,-1.2187116
2018-07-29 01:30:00,2.3923185,1.3016781
2018-07-29 02:00:00,3.9359984,2.222482
2018-07-29 02:30:00,5.479678,1.1030041
2018-07-29 03:00:00,7.0233583,2.0312097
2018-07-29 03:30:00,14.019747,0.11117206
2018-07-29 04:00:00,9.38931,-0.96895564
2018-07-29 04:30:00,-5.8243265,-3.0132093
2018-07-29 05:00:00,4.330454,-9.257764
2018-07-29 05:30:00,14.485239,-7.858395
2018-07-29 06:00:00,5.1508503,-5.7019367
2018-07-29 06:30:00,-4.183542,-7.5187316
2018-07-29 07:00:00,-13.51793,-8.373873
2018-07-29 07:30:00,-6.413004,-8.551946
2018-07-29 08:00:00,-5.727926,-9.871954
2018-07-29 08:30:00,-13.963234,-13.259409
2018-07-29 09:00:00,-14.274739,-13.174884
2018-07-29 09:30:00,-17.51702,-17.191378
2018-07-29 10:00:00,-18.040487,-21.040586
2018-07-29 10:30:00,-19.667141,-25.97641
2018-07-29 11:00:00,-22.21754,-24.844265
2018-07-29 11:30:00,-21.040516,-27.921871
2018-07-29 12:00:00,-26.42999,-29.906525
2018-07-29 12:30:00,-20.427803,-29.081036
2018-07-29 13:00:00,-18.281633,-28.679995
2018-07-29 13:30:00,-15.957052,-26.778042
2018-07-29 14:00:00,-14.039068,-23.497969
2018-07-29 14:30:00,-19.526794,-23.24773
2018-07-29 15:00:00,-21.105865,-20.056107
2018-07-29 15:30:00,-16.608442,-18.050625
2018-07-29 16:00:00,-18.312607,-15.164923
2018-07-29 16:30:00,-11.887125,-12.102787
2018-07-29 17:00:00,-7.2395434,-8.543981
2018-07-29 17:30:00,-5.302059,-5.7279215
2018-07-29 18:00:00,-9.119257,-5.0113406
2018-07-29 18:30:00,-3.3777566,-4.0211687
2018-07-29 19:00:00,1.9233962,-3.0120163
2018-07-29 19:30:00,7.2245445,-2.876357
2018-07-29 20:00:00,8.540316,-1.2793931
2018-07-29 20:30:00,13.223622,1.5125382
2018-07-29 21:00:00,17.906923,-3.219429
2018-07-29 21:30:00,22.590223,0.73757845
2018-07-29 22:00:00,27.273525,3.251917
2018-07-29 22:30:00,15.010198,4.3099794
2018-07-29 23:00:00,4.310023,5.3587394
2018-07-29 23:30:00,18.545725,4.5755043
2018-07-30 00:00:00,13.302598,8.602351
2018-07-30 00:30:00,8.059469,10.32414
2018-07-30 01:00:00,17.261284,9.244619
2018-07-30 01:30:00,5.078612,8.476659
2018-07-30 02:00:00,6.6328263,10.272043
2018-07-30 02:30:00,6.3705044,9.86611
2018-07-30 03:00:00,6.1081862,11.270438
2018-07-30 03:30:00,5.8458643,18.357048
2018-07-30 04:00:00,11.182226,21.449297
2018-07-30 04:30:00,15.435213,17.403929
2018-07-30 05:00:00,5.798505,23.38302
2018-07-30 05:30:00,14.166801,25.763472
2018-07-30 06:00:00,22.535091,28.287344
2018-07-30 06:30:00,30.903393,28.056818
2018-07-30 07:00:00,-10.068308,24.608934
2018-07-30 07:30:00,-8.541656,22.662157
2018-07-30 08:00:00,-6.605093,16.757149
2018-07-30 08:30:00,-14.874156,6.8044934
2018-07-30 09:00:00,-25.045712,0.9955095
2018-07-30 09:30:00,-23.805569,-2.2105305
2018-07-30 10:00:00,-21.427992,-8.148057
2018-07-30 10:30:00,-22.410004,-14.1290455
2018-07-30 11:00:00,-22.030146,-15.444891
2018-07-30 11:30:00,-23.283754,-19.62458
2018-07-30 12:00:00,-26.903828,-19.317066
2018-07-30 12:30:00,-21.077774,-21.96212
2018-07-30 13:00:00,-23.652575,-20.022722
2018-07-30 13:30:00,-20.546167,-20.819782
2018-07-30 14:00:00,-8.8564625,-19.422754
2018-07-30 14:30:00,-30.533598,-18.582716
2018-07-30 15:00:00,-23.422832,-16.985266
2018-07-30 15:30:00,-19.925797,-16.396854
2018-07-30 16:00:00,-21.415047,-14.284282
2018-07-30 16:30:00,-15.1754465,-10.974269
2018-07-30 17:00:00,36.191772,-6.352191
2018-07-30 17:30:00,-0.27224648,-5.5326905
2018-07-30 18:00:00,-0.71048284,-6.248131
2018-07-30 18:30:00,-3.0232806,-4.1425533
2018-07-30 19:00:00,1.5713015,-3.7863164
2018-07-30 19:30:00,6.1658835,-4.150016
2018-07-30 20:00:00,9.739595,0.24053957
2018-07-30 20:30:00,6.2009344,1.3995208
2018-07-30 21:00:00,6.7271867,2.8659203
2018-07-30 21:30:00,11.883471,4.1857414
2018-07-30 22:00:00,17.25459,5.6003637
2018-07-30 22:30:00,22.625708,5.313464
2018-07-30 23:00:00,5.6632648,5.058583
2018-07-30 23:30:00,27.127573,6.655818
2018-07-31 00:00:00,8.04228,7.314881
2018-07-31 00:30:00,5.302274,6.8393173
2018-07-31 01:00:00,2.5622685,6.8786893
2018-07-31 01:30:00,17.940868,4.2158155
2018-07-31 02:00:00,6.450542,3.151623
2018-07-31 02:30:00,11.606559,-0.5179958
2018-07-31 03:00:00,16.762571,0.5463717
2018-07-31 03:30:00,30.142332,0.84659356
2018-07-31 04:00:00,25.945297,2.346375
2018-07-31 04:30:00,21.748264,3.4505863
2018-07-31 05:00:00,17.551233,5.470245
2018-07-31 05:30:00,13.354199,6.8476977
2018-07-31 06:00:00,6.421062,6.9657836
2018-07-31 06:30:00,6.8559074,9.235106
2018-07-31 07:00:00,-6.534231,3.6134799
2018-07-31 07:30:00,-6.212875,0.78381485
2018-07-31 08:00:00,-16.457838,-2.8478732
2018-07-31 08:30:00,-18.107769,-7.912658
2018-07-31 09:00:00,-21.004599,-13.896328
2018-07-31 09:30:00,-23.221128,-16.743458
2018-07-31 10:00:00,-30.873781,-20.028465
2018-07-31 10:30:00,-28.654419,-23.292633
2018-07-31 11:00:00,-22.983656,-25.56272
2018-07-31 11:30:00,-25.59316,-23.753235
2018-07-31 12:00:00,-26.0685,-24.436333
2018-07-31 12:30:00,-25.63467,-24.276054
2018-07-31 13:00:00,-27.20523,-22.982025
2018-07-31 13:30:00,-26.098606,-20.201681
2018-07-31 14:00:00,-26.727377,-18.340866
2018-07-31 14:30:00,-21.440096,-20.4312
2018-07-31 15:00:00,-20.669367,-16.3482
2018-07-31 15:30:00,-20.650873,-13.264233
2018-07-31 16:00:00,-16.5043,-11.430826
2018-07-31 16:30:00,-18.329731,-7.685199
2018-07-31 17:00:00,-12.977027,-1.9362364
2018-07-31 17:30:00,-9.91989,-1.853079
2018-07-31 18:00:00,-2.2094252,-0.019685378
2018-07-31 18:30:00,-1.9211621,1.3012979
2018-07-31 19:00:00,0.15403968,1.4915347
2018-07-31 19:30:00,2.2292414,3.3327277
2018-07-31 20:00:00,5.588667,4.160788
2018-07-31 20:30:00,8.948093,4.89385
2018-07-31 21:00:00,9.080121,6.0618453
2018-07-31 21:30:00,9.755941,5.098156
2018-07-31 22:00:00,6.990431,6.255599
2018-07-31 22:30:00,5.47374,7.479915
2018-07-31 23:00:00,14.260598,7.2390594
2018-07-31 23:30:00,36.07665,6.920137
2018-08-01 00:00:00,13.5728855,9.394933
2018-08-01 00:30:00,17.98797,7.776729
2018-08-01 01:00:00,22.159546,8.292892
2018-08-01 01:30:00,26.33113,9.472144
2018-08-01 02:00:00,24.87183,12.083254
2018-08-01 02:30:00,22.024067,12.546273
2018-08-01 03:00:00,15.59901,13.867362
2018-08-01 03:30:00,9.173958,12.300114
2018-08-01 04:00:00,19.954016,12.54003
2018-08-01 04:30:00,30.73408,12.687634
2018-08-01 05:00:00,41.51414,10.280883
2018-08-01 05:30:00,27.40485,12.045643
2018-08-01 06:00:00,13.295563,11.324754
2018-08-01 06:30:00,-0.81372166,5.7061152
2018-08-01 07:00:00,-14.923012,1.9983567
2018-08-01 07:30:00,-35.049557,-1.0114825
2018-08-01 08:00:00,-9.939661,-8.2012005
2018-08-01 08:30:00,-16.798828,-11.552338
2018-08-01 09:00:00,-17.137207,-15.175558
2018-08-01 09:30:00,-21.265368,-19.896574
2018-08-01 10:00:00,-26.13217,-23.239872
2018-08-01 10:30:00,-22.777262,-26.81803
2018-08-01 11:00:00,-23.039085,-27.862661
2018-08-01 11:30:00,-28.955797,-29.494183
2018-08-01 12:00:00,-30.114344,-29.507713
2018-08-01 12:30:00,-28.585165,-29.422655
2018-08-01 13:00:00,-23.287918,-28.593866
2018-08-01 13:30:00,-11.857999,-26.873362
2018-08-01 14:00:00,-27.894735,-25.61784
2018-08-01 14:30:00,-33.17802,-24.658745
2018-08-01 15:00:00,-27.934544,-22.607893
2018-08-01 15:30:00,-27.578918,-20.140284
2018-08-01 16:00:00,-20.216751,-17.615831
2018-08-01 16:30:00,-12.428356,-13.850771
2018-08-01 17:00:00,-15.75781,-10.311243
2018-08-01 17:30:00,-10.682598,-8.565228
2018-08-01 18:00:00,-4.0719404,-4.309056
2018-08-01 18:30:00,2.538722,1.1130142
2018-08-01 19:00:00,2.7293828,4.214435
2018-08-01 19:30:00,6.1297884,7.5057206
2018-08-01 20:00:00,7.883769,10.105392
2018-08-01 20:30:00,9.637746,12.496532
2018-08-01 21:00:00,11.391727,12.727007
2018-08-01 21:30:00,23.195076,11.629873
2018-08-01 22:00:00,15.094968,12.822363
2018-08-01 22:30:00,6.9948616,12.469561
2018-08-01 23:00:00,5.1166997,12.676021
2018-08-01 23:30:00,3.2385378,12.628133
2018-08-02 00:00:00,12.27693,11.916861
2018-08-02 00:30:00,21.315315,11.890784
2018-08-02 01:00:00,30.353703,13.334673
2018-08-02 01:30:00,13.152634,13.368457
2018-08-02 02:00:00,11.590113,12.973945
2018-08-02 02:30:00,10.027596,14.235806
2018-08-02 03:00:00,8.481373,13.047826
2018-08-02 03:30:00,1.7450178,13.299675
2018-08-02 04:00:00,4.437442,15.019151
2018-08-02 04:30:00,3.6752841,14.514631
2018-08-02 05:00:00,-6.852739,14.496682
2018-08-02 05:30:00,-3.7958415,14.623297
2018-08-02 06:00:00,-0.7389447,9.488354
2018-08-02 06:30:00,2.3179524,7.214661
2018-08-02 07:00:00,-1.3893694,0.4563414
2018-08-02 07:30:00,-7.534911,-6.6594653
2018-08-02 08:00:00,-11.005492,-10.936846
2018-08-02 08:30:00,-19.157345,-16.591677
2018-08-02 09:00:00,-18.080477,-22.352932
2018-08-02 09:30:00,-29.290564,-24.423874
2018-08-02 10:00:00,-26.63439,-27.147648
2018-08-02 10:30:00,-28.925701,-30.729443
2018-08-02 11:00:00,-26.574846,-33.402573
2018-08-02 11:30:00,-22.44857,-31.206331
2018-08-02 12:00:00,-33.040276,-33.8988
2018-08-02 12:30:00,-27.32369,-29.824512
2018-08-02 13:00:00,-29.89873,-29.214098
2018-08-02 13:30:00,-21.24728,-24.854395
2018-08-02 14:00:00,-23.454506,-24.921373
2018-08-02 14:30:00,-23.745384,-21.27252
2018-08-02 15:00:00,-25.22357,-18.062706
2018-08-02 15:30:00,-24.638023,-17.807371
2018-08-02 16:00:00,-19.42946,-14.493421
2018-08-02 16:30:00,-18.290962,-11.030891
2018-08-02 17:00:00,-12.41755,-7.683696
2018-08-02 17:30:00,-5.326344,-2.826232
2018-08-02 18:00:00,-1.2854402,1.2177037
2018-08-02 18:30:00,2.7320218,3.8220243
2018-08-02 19:00:00,3.2371004,6.9525533
2018-08-02 19:30:00,8.565526,8.870978
2018-08-02 20:00:00,6.9102755,9.860797
2018-08-02 20:30:00,5.328608,11.654167
2018-08-02 21:00:00,6.5611734,13.835195
2018-08-02 21:30:00,5.91372,13.517635
2018-08-02 22:00:00,7.615234,12.968596
2018-08-02 22:30:00,8.415929,14.230716
2018-08-02 23:00:00,9.468793,14.177581
2018-08-02 23:30:00,6.566788,12.219896
2018-08-03 00:00:00,3.6647847,13.174751
2018-08-03 00:30:00,42.187325,14.439318
2018-08-03 01:00:00,7.903396,15.249817
2018-08-03 01:30:00,-47.063297,13.763725
2018-08-03 02:00:00,-25.337866,11.22002
2018-08-03 02:30:00,-3.6124296,11.865574
2018-08-03 03:00:00,18.112999,10.997394
2018-08-03 03:30:00,12.649123,11.03701
2018-08-03 04:00:00,7.185247,12.12596
2018-08-03 04:30:00,1.7213665,14.496032
2018-08-03 05:00:00,3.8154266,12.292454
2018-08-03 05:30:00,5.9094863,11.777046
2018-08-03 06:00:00,8.003546,7.200911
2018-08-03 06:30:00,-0.7397094,2.558192
2018-08-03 07:00:00,-9.48296,1.4451978
2018-08-03 07:30:00,-11.313348,-2.4889975
2018-08-03 08:00:00,-13.545254,-6.2527976
2018-08-03 08:30:00,-18.024336,-11.073397
2018-08-03 09:00:00,-21.095913,-15.524738
2018-08-03 09:30:00,-15.17012,-19.784307
2018-08-03 10:00:00,-21.497509,-24.53408
2018-08-03 10:30:00,-19.045546,-26.355034
2018-08-03 11:00:00,-24.063637,-27.355099
2018-08-03 11:30:00,-26.764723,-26.07946
2018-08-03 12:00:00,-24.815437,-28.071188
2018-08-03 12:30:00,-22.155897,-25.523859
2018-08-03 13:00:00,-16.84306,-24.91125
2018-08-03 13:30:00,-20.262878,-23.366419
2018-08-03 14:00:00,-21.503706,-23.416014
2018-08-03 14:30:00,-24.144508,-21.944956
2018-08-03 15:00:00,-19.259926,-22.102482
2018-08-03 15:30:00,-20.196257,-19.810072
2018-08-03 16:00:00,-16.74019,-16.612854
2018-08-03 16:30:00,-14.75805,-11.575984
2018-08-03 17:00:00,-17.640282,-6.60037
2018-08-03 17:30:00,-10.438299,-1.981778
2018-08-03 18:00:00,-4.4112196,3.1240044
2018-08-03 18:30:00,2.539963,7.5611367
2018-08-03 19:00:00,6.5829287,10.598019
2018-08-03 19:30:00,5.019084,13.907647
2018-08-03 20:00:00,6.2626643,15.414751
2018-08-03 20:30:00,7.5062494,16.949333
2018-08-03 21:00:00,-6.287031,18.767832
2018-08-03 21:30:00,22.14478,19.24215
2018-08-03 22:00:00,16.13855,19.43867
2018-08-03 22:30:00,10.13232,18.822622
2018-08-03 23:00:00,4.1260867,16.168625
2018-08-03 23:30:00,15.758256,16.060955
2018-08-04 00:00:00,22.575237,16.090414
2018-08-04 00:30:00,29.39222,20.10288
2018-08-04 01:00:00,8.772979,16.245905
2018-08-04 01:30:00,7.1555877,6.9921875
2018-08-04 02:00:00,5.5382013,7.111064
2018-08-04 02:30:00,3.920815,10.126759
2018-08-04 03:00:00,4.045516,9.199611
2018-08-04 03:30:00,3.1837814,9.08858
2018-08-04 04:00:00,3.1063478,10.573533
2018-08-04 04:30:00,3.0289142,8.612724
2018-08-04 05:00:00,2.9514809,8.545882
2018-08-04 05:30:00,2.8740473,7.830817
2018-08-04 06:00:00,7.394573,3.8105721
2018-08-04 06:30:00,5.3645463,1.3519604
2018-08-04 07:00:00,3.3345237,-1.640008
2018-08-04 07:30:00,6.373908,-4.003062
2018-08-04 08:00:00,9.413289,-7.0424075
2018-08-04 08:30:00,12.452673,-13.017697
2018-08-04 09:00:00,15.492058,-15.562841
2018-08-04 09:30:00,-8.471476,-15.945218
2018-08-04 10:00:00,-12.625378,-18.883247
2018-08-04 10:30:00,-14.960942,-17.391098
2018-08-04 11:00:00,-22.078356,-20.778477
2018-08-04 11:30:00,-21.301382,-22.498367
2018-08-04 12:00:00,-21.45697,-22.033022
2018-08-04 12:30:00,-11.242547,-21.296555
2018-08-04 13:00:00,-22.15224,-19.422958
2018-08-04 13:30:00,-21.243128,-21.72761
2018-08-04 14:00:00,-19.542082,-18.777414
2018-08-04 14:30:00,-22.00341,-21.515894
2018-08-04 15:00:00,-10.439973,-20.436853
2018-08-04 15:30:00,-13.314701,-18.727549
2018-08-04 16:00:00,-5.6054487,-17.054445
2018-08-04 16:30:00,-10.984878,-11.2665825
2018-08-04 17:00:00,-19.657978,-11.533991
2018-08-04 17:30:00,-9.484349,-6.1758666
2018-08-04 18:00:00,-5.5072784,-2.9735138
2018-08-04 18:30:00,1.8183835,-0.07469541
2018-08-04 19:00:00,2.977413,3.6252377
2018-08-04 19:30:00,4.1364465,6.732574
2018-08-04 20:00:00,3.3763425,10.994164
2018-08-04 20:30:00,5.297354,13.8136015
2018-08-04 21:00:00,7.218362,12.439679
2018-08-04 21:30:00,35.33831,13.018005
2018-08-04 22:00:00,12.166425,10.714771
2018-08-04 22:30:00,9.935683,7.86447
2018-08-04 23:00:00,7.704945,8.1388035
2018-08-04 23:30:00,8.938419,6.971363
2018-08-05 00:00:00,6.2671647,7.5170197
2018-08-05 00:30:00,3.595915,8.671361
2018-08-05 01:00:00,4.6047697,8.551615
2018-08-05 01:30:00,5.2235603,10.111304
2018-08-05 02:00:00,4.5394177,11.781455
2018-08-05 02:30:00,2.9877725,15.723944
2018-08-05 03:00:00,9.445211,14.653826
2018-08-05 03:30:00,38.303654,14.106548
2018-08-05 04:00:00,2.5300708,15.433312
2018-08-05 04:30:00,19.93029,8.674773
2018-08-05 05:00:00,18.245771,10.958349
2018-08-05 05:30:00,8.580242,10.866047
2018-08-05 06:00:00,-6.178702,10.408625
2018-08-05 06:30:00,-20.937647,10.422459
2018-08-05 07:00:00,-35.69659,6.458424
2018-08-05 07:30:00,-11.998334,3.57191
2018-08-05 08:00:00,-9.651651,-1.6122539
2018-08-05 08:30:00,-19.195698,-6.778582
2018-08-05 09:00:00,-20.95489,-13.547799
2018-08-05 09:30:00,-29.565746,-21.459217
2018-08-05 10:00:00,-25.604,-27.561695
2018-08-05 10:30:00,-23.43656,-32.470795
2018-08-05 11:00:00,-24.314451,-30.560667
2018-08-05 11:30:00,-18.998413,-32.927
2018-08-05 12:00:00,-20.006077,-32.613617
2018-08-05 12:30:00,-21.240356,-28.38477
2018-08-05 13:00:00,-24.736992,-29.26516
2018-08-05 13:30:00,-19.118069,-27.555449
2018-08-05 14:00:00,-19.349142,-25.477123
2018-08-05 14:30:00,-14.505615,-24.206087
2018-08-05 15:00:00,-22.964634,-20.104174
2018-08-05 15:30:00,-21.577297,-17.846096
2018-08-05 16:00:00,-18.624796,-14.632794
2018-08-05 16:30:00,-11.738511,-12.750529
2018-08-05 17:00:00,-8.61631,-12.344984
2018-08-05 17:30:00,-6.8677998,-8.8062935
2018-08-05 18:00:00,-3.825007,-3.8233814
2018-08-05 18:30:00,1.40351,-1.5575761
2018-08-05 19:00:00,16.206127,0.8165675
2018-08-05 19:30:00,31.008738,5.8061514
2018-08-05 20:00:00,45.811356,8.007198
2018-08-05 20:30:00,60.61397,10.345497
2018-08-05 21:00:00,21.976156,11.737036
2018-08-05 21:30:00,29.95452,13.457906
2018-08-05 22:00:00,37.932888,13.430362
2018-08-05 22:30:00,45.911255,13.363939
2018-08-05 23:00:00,74.86222,12.228543
2018-08-05 23:30:00,59.06703,10.535956
2018-08-06 00:00:00,43.27183,12.0176
2018-08-06 00:30:00,27.476639,7.2404227
2018-08-06 01:00:00,16.12065,6.5314884
2018-08-06 01:30:00,16.353342,6.636842
2018-08-06 02:00:00,16.58604,7.1891704
2018-08-06 02:30:00,16.818739,6.683074
2018-08-06 03:00:00,17.051432,5.7124944
2018-08-06 03:30:00,17.28413,10.824245
2018-08-06 04:00:00,17.516829,8.868497
2018-08-06 04:30:00,17.749523,10.192089
2018-08-06 05:00:00,17.98222,10.374658
2018-08-06 05:30:00,18.214918,8.4027815
2018-08-06 06:00:00,18.44761,4.590198
2018-08-06 06:30:00,18.68031,-0.74822086
2018-08-06 07:00:00,18.913008,-3.6059325
2018-08-06 07:30:00,-6.326482,-6.325468
2018-08-06 08:00:00,-12.144239,-9.816528
2018-08-06 08:30:00,-18.3859,-14.6547785
2018-08-06 09:00:00,-17.406424,-17.779716
2018-08-06 09:30:00,-25.478193,-20.37412
2018-08-06 10:00:00,-28.600029,-24.642323
2018-08-06 10:30:00,-32.028366,-25.224203
2018-08-06 11:00:00,-41.21951,-26.502073
2018-08-06 11:30:00,-31.00951,-25.260931
2018-08-06 12:00:00,-30.590155,-25.818089
2018-08-06 12:30:00,-30.93413,-24.67186
2018-08-06 13:00:00,-33.516537,-27.000706
2018-08-06 13:30:00,-28.074633,-24.717161
2018-08-06 14:00:00,-29.473354,-25.667236
2018-08-06 14:30:00,-24.412333,-24.35255
2018-08-06 15:00:00,-25.76268,-22.109043
2018-08-06 15:30:00,-17.03627,-20.889996
2018-08-06 16:00:00,-16.651995,-21.435759
2018-08-06 16:30:00,-12.591035,-18.373476
2018-08-06 17:00:00,-11.798143,-16.058578
2018-08-06 17:30:00,-5.173067,-11.931452
2018-08-06 18:00:00,-2.9119978,-5.58341
2018-08-06 18:30:00,2.2919285,-3.7030017
2018-08-06 19:00:00,-0.53995174,0.1786653
2018-08-06 19:30:00,6.729166,5.593386
2018-08-06 20:00:00,13.998284,8.274563
2018-08-06 20:30:00,12.040897,13.78167
2018-08-06 21:00:00,16.214962,15.384232
2018-08-06 21:30:00,11.026765,15.016214
2018-08-06 22:00:00,6.1379066,18.288013
2018-08-06 22:30:00,8.023186,20.108198
2018-08-06 23:00:00,7.684387,19.511398
2018-08-06 23:30:00,5.229892,23.633251
2018-08-07 00:00:00,6.528146,18.648243
2018-08-07 00:30:00,10.883813,18.911116
2018-08-07 01:00:00,15.239479,17.53547
2018-08-07 01:30:00,34.50352,16.918194
2018-08-07 02:00:00,53.767563,13.866628
2018-08-07 02:30:00,41.234695,14.703073
2018-08-07 03:00:00,28.70183,12.637037
2018-08-07 03:30:00,16.168964,12.74597
2018-08-07 04:00:00,3.6361043,14.01449
2018-08-07 04:30:00,10.447412,12.310543
2018-08-07 05:00:00,17.258722,12.43482
2018-08-07 05:30:00,17.427309,11.345045
2018-08-07 06:00:00,17.595896,7.2651663
2018-08-07 06:30:00,43.042984,7.686
2018-08-07 07:00:00,18.399225,-1.002652
2018-08-07 07:30:00,-6.2445307,-4.1930366
2018-08-07 08:00:00,-11.085417,-7.3809443
2018-08-07 08:30:00,-19.287329,-16.27846
2018-08-07 09:00:00,-19.073349,-19.641241
2018-08-07 09:30:00,-22.15861,-24.408361
2018-08-07 10:00:00,-26.00751,-27.697395
2018-08-07 10:30:00,-34.30101,-27.748497
2018-08-07 11:00:00,-23.040089,-28.971197
2018-08-07 11:30:00,-14.664883,-28.280209
2018-08-07 12:00:00,-7.779437,-29.33725
2018-08-07 12:30:00,-13.788154,-28.721785
2018-08-07 13:00:00,-24.07815,-27.452862
2018-08-07 13:30:00,-26.16485,-26.53745
2018-08-07 14:00:00,-24.771645,-25.860155
2018-08-07 14:30:00,-13.916658,-25.55455
2018-08-07 15:00:00,-20.624968,-23.01555
2018-08-07 15:30:00,-18.460758,-20.896057
2018-08-07 16:00:00,-12.837934,-17.626629
2018-08-07 16:30:00,-4.241235,-11.088873
2018-08-07 17:00:00,-19.084732,-6.346179
2018-08-07 17:30:00,-3.1517043,-2.098706
2018-08-07 18:00:00,0.6775699,2.8426712
2018-08-07 18:30:00,4.5068445,6.1599326
2018-08-07 19:00:00,4.9230065,8.756218
2018-08-07 19:30:00,5.339169,14.161335
2018-08-07 20:00:00,15.068328,17.915768
2018-08-07 20:30:00,12.554182,17.862068
2018-08-07 21:00:00,12.569278,20.92366
2018-08-07 21:30:00,12.584374,21.284224
2018-08-07 22:00:00,12.59947,20.488247
2018-08-07 22:30:00,7.732415,22.32389
2018-08-07 23:00:00,7.167844,17.700136
2018-08-07 23:30:00,6.1140065,18.738329
2018-08-08 00:00:00,6.7777095,18.248562
2018-08-08 00:30:00,7.4414124,21.31327
2018-08-08 01:00:00,-6.9796114,24.640255
2018-08-08 01:30:00,-1.7905537,28.894674
2018-08-08 02:00:00,3.3985038,29.744486
2018-08-08 02:30:00,-31.335903,30.37783
2018-08-08 03:00:00,-15.573511,29.186144
2018-08-08 03:30:00,0.18888083,28.72622
2018-08-08 04:00:00,15.951271,26.755714
2018-08-08 04:30:00,6.57291,26.46906
2018-08-08 05:00:00,-2.8054514,21.3335
2018-08-08 05:30:00,50.380962,20.251713
2018-08-08 06:00:00,34.579784,14.953052
2018-08-08 06:30:00,18.77861,12.543512
2018-08-08 07:00:00,2.9774346,7.5010543
2018-08-08 07:30:00,-12.823737,2.9920459
2018-08-08 08:00:00,-12.62381,-0.68045235
2018-08-08 08:30:00,-16.332268,-12.589047
2018-08-08 09:00:00,-21.239197,-20.933453
2018-08-08 09:30:00,-26.362072,-25.907349
2018-08-08 10:00:00,-29.252916,-30.086475
2018-08-08 10:30:00,-27.80683,-28.922358
2018-08-08 11:00:00,-22.823364,-30.360874
2018-08-08 11:30:00,-27.37335,-31.403866
2018-08-08 12:00:00,-24.938673,-29.315931
2018-08-08 12:30:00,-25.13921,-30.172087
2018-08-08 13:00:00,-31.500006,-28.948484
2018-08-08 13:30:00,-29.632988,-29.623718
2018-08-08 14:00:00,-24.23509,-27.75826
2018-08-08 14:30:00,-27.290142,-21.654722
2018-08-08 15:00:00,-24.421438,-19.549673
2018-08-08 15:30:00,45.92723,-13.868242
2018-08-08 16:00:00,-12.270487,-9.198677
2018-08-08 16:30:00,-17.666542,-2.1878011
2018-08-08 17:00:00,-2.9285314,-2.7710907
2018-08-08 17:30:00,2.8758912,2.9439523
2018-08-08 18:00:00,5.134697,7.8021326
2018-08-08 18:30:00,4.187891,12.507705
2018-08-08 19:00:00,4.4750967,16.087399
2018-08-08 19:30:00,4.7622976,17.72058
2018-08-08 20:00:00,5.0495033,18.024231
2018-08-08 20:30:00,-3.9850864,16.483501
2018-08-08 21:00:00,-13.019676,18.660433
2018-08-08 21:30:00,21.213856,19.182837
2018-08-08 22:00:00,14.424195,21.107378
2018-08-08 22:30:00,3.0934887,20.785288
2018-08-08 23:00:00,0.6148655,18.607
2018-08-08 23:30:00,-1.863762,17.017832
2018-08-09 00:00:00,-4.3423896,17.674343
2018-08-09 00:30:00,-6.8210173,15.8715
2018-08-09 01:00:00,-9.299644,11.685286
2018-08-09 01:30:00,-3.3040457,8.779673
2018-08-09 02:00:00,2.6915529,7.122005
2018-08-09 02:30:00,8.687152,3.1937304
2018-08-09 03:00:00,14.682751,1.2410753
2018-08-09 03:30:00,15.420523,2.9997663
2018-08-09 04:00:00,16.15829,5.8615546
2018-08-09 04:30:00,6.5552096,6.141485
2018-08-09 05:00:00,-3.047871,6.1602254
2018-08-09 05:30:00,20.17054,10.619952
2018-08-09 06:00:00,43.388958,11.295981
2018-08-09 06:30:00,19.02218,10.020793
2018-08-09 07:00:00,8.708605,3.4642713
2018-08-09 07:30:00,-3.2199404,-1.7626467
2018-08-09 08:00:00,-10.033152,-5.578075
2018-08-09 08:30:00,-15.281776,-11.906778
2018-08-09 09:00:00,-18.68046,-17.971956
2018-08-09 09:30:00,-19.63323,-21.67462
2018-08-09 10:00:00,-25.289366,-24.916132
2018-08-09 10:30:00,-27.37774,-28.564371
2018-08-09 11:00:00,-27.38216,-28.51523
2018-08-09 11:30:00,-28.741486,-25.449266
2018-08-09 12:00:00,-32.030674,-23.307747
2018-08-09 12:30:00,-30.207924,-23.532923
2018-08-09 13:00:00,-23.718828,-23.10403
2018-08-09 13:30:00,-24.440655,-24.257051
2018-08-09 14:00:00,-23.431313,-21.294535
2018-08-09 14:30:00,-27.135685,-20.071476
2018-08-09 15:00:00,-23.950245,-17.298262
2018-08-09 15:30:00,-17.057457,-8.667672
2018-08-09 16:00:00,-14.624123,-10.356667
2018-08-09 16:30:00,-10.195897,-8.814853
2018-08-09 17:00:00,-8.307577,-2.439353
2018-08-09 17:30:00,-2.8873723,1.6691005
2018-08-09 18:00:00,1.029468,4.7063613
2018-08-09 18:30:00,-10.270149,6.734422
2018-08-09 19:00:00,-21.569765,9.857363
2018-08-09 19:30:00,-32.869377,10.635665
2018-08-09 20:00:00,-17.807102,11.533319
2018-08-09 20:30:00,-2.7448268,11.689449
2018-08-09 21:00:00,12.317451,12.370263
2018-08-09 21:30:00,20.79502,18.048866
2018-08-09 22:00:00,-44.94743,14.608957
2018-08-09 22:30:00,-36.108875,15.8238
2018-08-09 23:00:00,-27.270323,16.622284
2018-08-09 23:30:00,-18.431768,15.191827
2018-08-10 00:00:00,-31.40267,14.473363
2018-08-10 00:30:00,-20.207983,13.3707285
2018-08-10 01:00:00,-9.013291,12.594965
2018-08-10 01:30:00,2.1813972,9.927211
2018-08-10 02:00:00,-18.580723,7.5408983
2018-08-10 02:30:00,-21.930685,6.5824084
2018-08-10 03:00:00,-25.280647,7.427907
2018-08-10 03:30:00,28.746939,9.402129
2018-08-10 04:00:00,66.23847,10.800327
2018-08-10 04:30:00,42.974308,9.529649
2018-08-10 05:00:00,19.710136,9.202891
2018-08-10 05:30:00,54.037064,8.310903
2018-08-10 06:00:00,28.442963,6.6585617
2018-08-10 06:30:00,2.8488755,4.2387633
2018-08-10 07:00:00,-3.4250896,0.5377641
2018-08-10 07:30:00,-9.699055,-3.7703595
2018-08-10 08:00:00,-21.237516,-8.041816
2018-08-10 08:30:00,-19.91111,-13.512521
2018-08-10 09:00:00,-21.390558,-18.8347
2018-08-10 09:30:00,-30.421795,-21.363298
2018-08-10 10:00:00,-27.426207,-24.682468
2018-08-10 10:30:00,-26.340343,-25.848637
2018-08-10 11:00:00,-35.070286,-25.7279
2018-08-10 11:30:00,-30.134295,-26.563858
2018-08-10 12:00:00,-29.947266,-26.030413
2018-08-10 12:30:00,-27.227182,-25.97967
2018-08-10 13:00:00,-25.674442,-24.779274
2018-08-10 13:30:00,-24.121702,-23.63322
2018-08-10 14:00:00,-26.515327,-22.425444
2018-08-10 14:30:00,-28.432457,-21.104355
2018-08-10 15:00:00,-27.429016,-19.015203
2018-08-10 15:30:00,-27.211296,-16.75486
2018-08-10 16:00:00,-18.938633,-12.559873
2018-08-10 16:30:00,-15.490616,-10.150757
2018-08-10 17:00:00,-11.01046,-6.440867
2018-08-10 17:30:00,-6.7173457,-2.417541
2018-08-10 18:00:00,-5.141193,-0.14010009
2018-08-10 18:30:00,-0.18176614,1.8582668
2018-08-10 19:00:00,-1.743946,0.31245455
2018-08-10 19:30:00,-7.9608126,-0.24387634
2018-08-10 20:00:00,-9.663397,1.6868443
2018-08-10 20:30:00,-9.814908,4.2227893
2018-08-10 21:00:00,-21.9174,7.7121634
2018-08-10 21:30:00,-22.08394,9.985074
2018-08-10 22:00:00,-17.185244,1.6889329
2018-08-10 22:30:00,-12.286549,1.5281717
2018-08-10 23:00:00,1.2873597,1.5081164
2018-08-10 23:30:00,14.861269,0.34702915
2018-08-11 00:00:00,3.0580666,-2.1244633
2018-08-11 00:30:00,-40.48611,-3.295364
2018-08-11 01:00:00,7.945403,-5.380895
2018-08-11 01:30:00,9.813289,-4.3394313
2018-08-11 02:00:00,10.960888,-6.939016
2018-08-11 02:30:00,9.968352,-9.131521
2018-08-11 03:00:00,8.975812,-9.9773035
2018-08-11 03:30:00,7.9832764,0.6118157
2018-08-11 04:00:00,1.8546315,4.780247
2018-08-11 04:30:00,2.459248,8.348654
2018-08-11 05:00:00,3.063869,9.90006
2018-08-11 05:30:00,3.66849,9.619509
2018-08-11 06:00:00,4.2731066,7.4473286
2018-08-11 06:30:00,2.4001703,2.7227325
2018-08-11 07:00:00,-3.0618007,-0.53857976
2018-08-11 07:30:00,-8.523776,-4.4109664
2018-08-11 08:00:00,-12.285706,-7.8915806
2018-08-11 08:30:00,-17.158663,-13.16561
2018-08-11 09:00:00,-21.930433,-16.559355
2018-08-11 09:30:00,-29.00601,-20.873606
2018-08-11 10:00:00,-28.305737,-23.735743
2018-08-11 10:30:00,-31.887476,-24.9039
2018-08-11 11:00:00,-41.822994,-28.256262
2018-08-11 11:30:00,-30.071758,-30.408644
2018-08-11 12:00:00,-30.93898,-29.817766
2018-08-11 12:30:00,-33.568832,-31.211088
2018-08-11 13:00:00,-37.57136,-28.001026
2018-08-11 13:30:00,-30.850643,-27.450546
2018-08-11 14:00:00,-27.168463,-25.377567
2018-08-11 14:30:00,-28.386118,-23.76551
2018-08-11 15:00:00,-28.001635,-22.475616
2018-08-11 15:30:00,-23.744303,-20.709927
2018-08-11 16:00:00,-23.875122,-16.456964
2018-08-11 16:30:00,-13.497916,-15.743553
2018-08-11 17:00:00,-3.3994722,-11.396116
2018-08-11 17:30:00,-1.3641889,-6.796252
2018-08-11 18:00:00,-0.42925882,-3.1456091
2018-08-11 18:30:00,1.5822423,-0.097595125
2018-08-11 19:00:00,3.314748,2.2409644
2018-08-11 19:30:00,5.7949615,4.5051885
2018-08-11 20:00:00,3.4459026,7.91113
2018-08-11 20:30:00,5.906528,6.51253
2018-08-11 21:00:00,6.2266173,7.205311
2018-08-11 21:30:00,6.481931,3.293679
2018-08-11 22:00:00,6.6120853,0.19053243
2018-08-11 22:30:00,5.6220403,-0.7772726
2018-08-11 23:00:00,5.723335,-0.07975947
2018-08-11 23:30:00,4.970558,0.5680174
2018-08-12 00:00:00,4.875608,1.3708622
2018-08-12 00:30:00,4.570322,-2.390521
2018-08-12 01:00:00,5.376426,-1.5033481
2018-08-12 01:30:00,6.147471,-2.178857
2018-08-12 02:00:00,5.408528,-3.3152707
2018-08-12 02:30:00,4.7781672,-1.0390093
2018-08-12 03:00:00,6.1164837,-3.3200333
2018-08-12 03:30:00,6.2872815,-2.964181
2018-08-12 04:00:00,4.633284,-2.683516
2018-08-12 04:30:00,6.434218,-0.9290548
2018-08-12 05:00:00,4.9636893,2.8975937
2018-08-12 05:30:00,4.6189265,5.1724567
2018-08-12 06:00:00,3.8784194,3.5681436
2018-08-12 06:30:00,0.8402231,0.541312
2018-08-12 07:00:00,-4.387905,-2.9810727
2018-08-12 07:30:00,-11.820703,-8.411934
2018-08-12 08:00:00,-15.37558,-12.727818
2018-08-12 08:30:00,-19.596361,-16.760925
2018-08-12 09:00:00,-22.652807,-19.382105
2018-08-12 09:30:00,-28.66331,-22.5685
2018-08-12 10:00:00,-30.208765,-25.386616
2018-08-12 10:30:00,-41.76521,-26.712032
2018-08-12 11:00:00,-42.881683,-28.988724
2018-08-12 11:30:00,-39.45473,-29.74935
2018-08-12 12:00:00,-40.528393,-28.335629
2018-08-12 12:30:00,-34.823006,-27.477627
2018-08-12 13:00:00,-36.998295,-27.34351
2018-08-12 13:30:00,-34.34223,-27.952265
2018-08-12 14:00:00,-30.364449,-26.557821
2018-08-12 14:30:00,-23.581697,-24.46136
2018-08-12 15:00:00,-27.964685,-23.300968
2018-08-12 15:30:00,-19.809193,-23.087591
2018-08-12 16:00:00,-18.848675,-21.085726
2018-08-12 16:30:00,-16.93314,-17.213993
2018-08-12 17:00:00,-12.403106,-12.073019
2018-08-12 17:30:00,-5.5001564,-11.695853
2018-08-12 18:00:00,-1.8109105,-11.53642
2018-08-12 18:30:00,0.42423543,-8.632634
2018-08-12 19:00:00,2.801241,-3.4904726
2018-08-12 19:30:00,6.9621873,0.4912961
2018-08-12 20:00:00,2.0510335,0.41468406
2018-08-12 20:30:00,8.528047,3.7117114
2018-08-12 21:00:00,6.953833,5.0574074
2018-08-12 21:30:00,2.570828,2.0525014
2018-08-12 22:00:00,6.008823,3.853029
2018-08-12 22:30:00,5.2238708,5.202168
2018-08-12 23:00:00,5.1383452,6.023832
2018-08-12 23:30:00,5.1903625,6.343388
2018-08-13 00:00:00,5.2874227,7.001861
2018-08-13 00:30:00,5.3844876,6.70496
2018-08-13 01:00:00,6.9182973,5.626073
2018-08-13 01:30:00,19.911503,8.702449
2018-08-13 02:00:00,74.678024,10.643512
2018-08-13 02:30:00,5.085485,13.16242
2018-08-13 03:00:00,5.238399,15.101775
2018-08-13 03:30:00,4.9007535,16.71075
2018-08-13 04:00:00,5.265375,15.463045
2018-08-13 04:30:00,6.4581447,15.52315
2018-08-13 05:00:00,4.8655105,14.181474
2018-08-13 05:30:00,11.48645,13.355318
2018-08-13 06:00:00,18.10739,10.361471
2018-08-13 06:30:00,24.728323,6.490801
2018-08-13 07:00:00,66.89654,1.3054925
2018-08-13 07:30:00,49.56041,-6.343234
2018-08-13 08:00:00,32.22427,-8.98448
2018-08-13 08:30:00,14.888141,-13.323169
2018-08-13 09:00:00,-11.395906,-15.526075
2018-08-13 09:30:00,41.80089,-15.170459
2018-08-13 10:00:00,-21.440733,-17.211926
2018-08-13 10:30:00,-29.88246,-18.311073
2018-08-13 11:00:00,-30.055012,-18.81135
2018-08-13 11:30:00,-30.227564,-15.7060375
2018-08-13 12:00:00,-30.400116,-14.792787
2018-08-13 12:30:00,-30.572668,-16.422384
2018-08-13 13:00:00,-30.74522,-19.27236
2018-08-13 13:30:00,-39.051888,-22.338476
2018-08-13 14:00:00,-26.292572,-21.132545
2018-08-13 14:30:00,-22.753,-18.085686
2018-08-13 15:00:00,-19.213427,-10.537584
2018-08-13 15:30:00,-15.673851,-7.1385984
2018-08-13 16:00:00,-12.134277,-4.663628
2018-08-13 16:30:00,-8.594704,-2.9819903
2018-08-13 17:00:00,-5.05513,-0.9324061
2018-08-13 17:30:00,-1.5155604,2.9731834
2018-08-13 18:00:00,2.0240135,4.688176
2018-08-13 18:30:00,5.563587,8.203051
2018-08-13 19:00:00,9.103161,10.473833
2018-08-13 19:30:00,8.876929,9.711409
2018-08-13 20:00:00,11.27001,9.055771
2018-08-13 20:30:00,13.663091,9.186599
2018-08-13 21:00:00,6.2627387,9.46289
2018-08-13 21:30:00,5.063188,8.594456
2018-08-13 22:00:00,3.863638,7.057151
2018-08-13 22:30:00,3.299263,6.9372864
2018-08-13 23:00:00,4.29778,5.472622
2018-08-13 23:30:00,3.8934455,0.6861557
2018-08-14 00:00:00,3.4350884,0.28207454
2018-08-14 00:30:00,3.551776,-0.34886292
2018-08-14 01:00:00,1.9791054,-0.9857645
2018-08-14 01:30:00,2.7185686,-2.7801878
2018-08-14 02:00:00,3.9746323,-1.8729333
2018-08-14 02:30:00,3.4025543,0.97465026
2018-08-14 03:00:00,1.738005,-0.086898975
2018-08-14 03:30:00,1.7700585,2.2284288
2018-08-14 04:00:00,1.8021164,5.4024634
2018-08-14 04:30:00,1.8341743,6.075233
2018-08-14 05:00:00,16.84932,5.3459806
2018-08-14 05:30:00,1.6539301,6.695404
2018-08-14 06:00:00,4.384822,6.392788
2018-08-14 06:30:00,0.45037723,4.0642343
2018-08-14 07:00:00,-3.484067,3.4110832
2018-08-14 07:30:00,-7.4185076,4.1576333
2018-08-14 08:00:00,-21.20256,0.17166561
2018-08-14 08:30:00,-21.740898,-8.177471
2018-08-14 09:00:00,-27.338879,-10.607004
2018-08-14 09:30:00,-27.082533,-15.231446
2018-08-14 10:00:00,-32.83424,-21.155369
2018-08-14 10:30:00,-19.822493,-31.411055
2018-08-14 11:00:00,-30.804653,-34.950527
2018-08-14 11:30:00,-30.52428,-36.37865
2018-08-14 12:00:00,-28.987833,-38.83435
2018-08-14 12:30:00,-39.876446,-41.072124
2018-08-14 13:00:00,-38.46491,-38.53132
2018-08-14 13:30:00,-34.114223,-38.74861
2018-08-14 14:00:00,-37.04624,-34.039387
2018-08-14 14:30:00,-27.416338,-30.864145
2018-08-14 15:00:00,-20.774061,-31.268923
2018-08-14 15:30:00,-23.528175,-29.348686
2018-08-14 16:00:00,-19.929705,-25.5454
2018-08-14 16:30:00,-17.432411,-17.963427
2018-08-14 17:00:00,-14.408081,-14.411642
2018-08-14 17:30:00,-14.247525,-7.8972344
2018-08-14 18:00:00,-7.614752,-6.8378744
2018-08-14 18:30:00,-1.8695427,-2.7470682
2018-08-14 19:00:00,2.4214578,-2.605886
2018-08-14 19:30:00,6.7124577,-1.1366117
2018-08-14 20:00:00,4.583653,0.41394126
2018-08-14 20:30:00,2.5589173,0.6022075
2018-08-14 21:00:00,3.5221126,-0.8710081
2018-08-14 21:30:00,4.4853077,0.5343822
2018-08-14 22:00:00,10.965991,-1.0431296
2018-08-14 22:30:00,3.401615,-1.9266675
2018-08-14 23:00:00,-0.3539838,-2.0915751
2018-08-14 23:30:00,-4.1095777,0.36455896
2018-08-15 00:00:00,10.501106,2.0872378
2018-08-15 00:30:00,7.065601,2.6202147
2018-08-15 01:00:00,5.007339,1.9541126
2018-08-15 01:30:00,4.751414,2.932697
2018-08-15 02:00:00,6.075495,2.679118
2018-08-15 02:30:00,3.9622102,6.1320868
2018-08-15 03:00:00,4.665399,5.7316847
2018-08-15 03:30:00,5.3685923,9.324739
2018-08-15 04:00:00,4.4841456,12.387999
2018-08-15 04:30:00,5.4242053,13.241619
2018-08-15 05:00:00,3.2028708,16.634645
2018-08-15 05:30:00,4.6757803,14.527333
2018-08-15 06:00:00,5.2105794,12.489468
2018-08-15 06:30:00,3.310007,10.373574
2018-08-15 07:00:00,-7.936672,4.909706
2018-08-15 07:30:00,-9.872793,-3.2052813
2018-08-15 08:00:00,-13.673109,-9.665787
2018-08-15 08:30:00,-19.059048,-13.330472
2018-08-15 09:00:00,-23.251286,-22.220173
2018-08-15 09:30:00,-24.334026,-27.515333
2018-08-15 10:00:00,-32.356087,-31.783703
2018-08-15 10:30:00,-30.567368,-29.594912
2018-08-15 11:00:00,-31.882307,-30.749672
2018-08-15 11:30:00,-41.191685,-32.80953
2018-08-15 12:00:00,-46.60778,-33.263866
2018-08-15 12:30:00,-42.55106,-34.823166
2018-08-15 13:00:00,-40.561066,-36.636993
2018-08-15 13:30:00,-37.18537,-35.82313
2018-08-15 14:00:00,-36.7215,-33.778645
2018-08-15 14:30:00,-37.273167,-31.327755
2018-08-15 15:00:00,-36.61671,-26.261795
2018-08-15 15:30:00,-12.435556,-22.661743
2018-08-15 16:00:00,-9.609946,-19.091959
2018-08-15 16:30:00,2.2334142,-14.6635475
2018-08-15 17:00:00,0.9025605,-10.260222
2018-08-15 17:30:00,-0.4282932,-6.199972
2018-08-15 18:00:00,-1.7591469,-1.4440604
2018-08-15 18:30:00,-3.089996,3.0406766
2018-08-15 19:00:00,-4.42085,4.1333923
2018-08-15 19:30:00,-5.7517037,6.3376775
2018-08-15 20:00:00,-7.082557,6.2113857
2018-08-15 20:30:00,-4.5815716,8.584573
2018-08-15 21:00:00,-2.0805862,9.186756
2018-08-15 21:30:00,0.42039916,9.247529
2018-08-15 22:00:00,2.9213848,10.116316
2018-08-15 22:30:00,3.6039023,11.733493
2018-08-15 23:00:00,1.7076949,12.27575
2018-08-15 23:30:00,3.8334675,12.478483
2018-08-16 00:00:00,4.2587314,11.582825
2018-08-16 00:30:00,5.7413015,10.310035
2018-08-16 01:00:00,4.089454,10.017472
2018-08-16 01:30:00,4.913324,10.24935
2018-08-16 02:00:00,3.4138708,6.5487165
2018-08-16 02:30:00,4.7332196,4.935123
2018-08-16 03:00:00,5.439432,3.736927
2018-08-16 03:30:00,30.205189,5.130546
2018-08-16 04:00:00,25.286882,4.922312
2018-08-16 04:30:00,20.36858,7.1006913
2018-08-16 05:00:00,15.4502735,8.517931
2018-08-16 05:30:00,10.531972,8.659288
2018-08-16 06:00:00,5.613664,7.4435406
2018-08-16 06:30:00,3.0591283,5.272615
2018-08-16 07:00:00,-2.5889592,0.9824102
2018-08-16 07:30:00,-14.158814,-4.4837203
2018-08-16 08:00:00,-20.747736,-8.724111
2018-08-16 08:30:00,-11.012387,-15.098889
2018-08-16 09:00:00,-13.836857,-18.890924
2018-08-16 09:30:00,-22.815866,-26.36864
2018-08-16 10:00:00,-37.05699,-28.919176
2018-08-16 10:30:00,-24.51754,-31.839344
2018-08-16 11:00:00,-27.262573,-30.76018
2018-08-16 11:30:00,-12.900245,-30.439936
2018-08-16 12:00:00,-13.765206,-28.162642
2018-08-16 12:30:00,-17.196041,-26.586823
2018-08-16 13:00:00,-10.123265,-28.193974
2018-08-16 13:30:00,-29.0656,-29.616577
2018-08-16 14:00:00,-20.96729,-30.621605
2018-08-16 14:30:00,-11.057951,-31.138973
2018-08-16 15:00:00,-46.252167,-28.519049
2018-08-16 15:30:00,-24.216394,-20.533068
2018-08-16 16:00:00,-25.076338,-16.75458
2018-08-16 16:30:00,-22.62024,-10.756816
2018-08-16 17:00:00,-17.118265,-6.4180326
2018-08-16 17:30:00,-4.717218,-0.82514745
2018-08-16 18:00:00,38.329014,3.0060408
2018-08-16 18:30:00,-1.9673941,3.1977196
2018-08-16 19:00:00,-0.8007622,4.816176
2018-08-16 19:30:00,3.3850725,5.611366
2018-08-16 20:00:00,5.4029613,6.6506753
2018-08-16 20:30:00,4.6845407,7.5584936
2018-08-16 21:00:00,4.5805945,8.458814
2018-08-16 21:30:00,4.030005,8.380148
2018-08-16 22:00:00,5.282582,7.640768
2018-08-16 22:30:00,4.5362983,7.4794564
2018-08-16 23:00:00,4.6361637,6.548284
2018-08-16 23:30:00,4.7744226,6.321218
2018-08-17 00:00:00,5.710751,5.321154
2018-08-17 00:30:00,5.5708666,5.12404
2018-08-17 01:00:00,5.345583,5.897383
2018-08-17 01:30:00,5.581047,4.707419
2018-08-17 02:00:00,5.1485696,4.7985635
2018-08-17 02:30:00,-9.056893,5.149133
2018-08-17 03:00:00,26.294897,4.200667
2018-08-17 03:30:00,21.822815,7.159581
2018-08-17 04:00:00,26.569878,7.169255
2018-08-17 04:30:00,22.933195,8.4463005
2018-08-17 05:00:00,19.296513,6.440689
2018-08-17 05:30:00,15.659836,4.5902243
2018-08-17 06:00:00,12.023154,5.5149956
2018-08-17 06:30:00,8.386476,1.301984
2018-08-17 07:00:00,4.749797,-2.3384254
2018-08-17 07:30:00,1.1131147,-4.1041293
2018-08-17 08:00:00,-2.5235631,-8.567151
2018-08-17 08:30:00,-6.1225343,-10.535845
2018-08-17 09:00:00,-6.0990577,-13.0583935
2018-08-17 09:30:00,-6.075581,-14.164024
2018-08-17 10:00:00,-6.052105,-14.123387
2018-08-17 10:30:00,-6.0286283,-17.827055
2018-08-17 11:00:00,-6.005156,-17.687038
2018-08-17 11:30:00,-5.98168,-20.310953
2018-08-17 12:00:00,-5.9582033,-20.163967
2018-08-17 12:30:00,-5.9347267,-22.00317
2018-08-17 13:00:00,-5.91125,-20.28355
2018-08-17 13:30:00,-5.887774,-23.86796
2018-08-17 14:00:00,-5.8642974,-19.26009
2018-08-17 14:30:00,-5.840821,-17.693302
2018-08-17 15:00:00,-5.817344,-19.839127
2018-08-17 15:30:00,-5.793868,-13.611668
2018-08-17 16:00:00,-5.7703958,-10.90467
2018-08-17 16:30:00,-5.746919,-7.5004153
2018-08-17 17:00:00,-5.723443,-4.818932
2018-08-17 17:30:00,-5.6999664,0.38276166
2018-08-17 18:00:00,-5.67649,6.768525
2018-08-17 18:30:00,-5.653013,10.160673
2018-08-17 19:00:00,-5.629537,12.833286
2018-08-17 19:30:00,-5.6060605,12.911874
2018-08-17 20:00:00,-5.582584,13.979592
2018-08-17 20:30:00,-5.5591073,15.002089
2018-08-17 21:00:00,-5.5356355,12.807875
2018-08-17 21:30:00,-5.512159,12.271494
2018-08-17 22:00:00,-5.4886823,11.102415
2018-08-17 22:30:00,-5.465206,9.731678
2018-08-17 23:00:00,-5.4417295,10.111186
2018-08-17 23:30:00,-5.418253,8.659419
2018-08-18 00:00:00,-5.3947763,7.5909314
2018-08-18 00:30:00,-5.3713,8.869052
2018-08-18 01:00:00,-5.3478236,9.285791
2018-08-18 01:30:00,-5.324347,9.713956
2018-08-18 02:00:00,-5.3008704,10.121515
2018-08-18 02:30:00,-5.2773986,9.74528
2018-08-18 03:00:00,-5.253922,14.310212
2018-08-18 03:30:00,-5.2304454,17.536814
2018-08-18 04:00:00,-5.2069693,19.241346
2018-08-18 04:30:00,-5.1834927,19.94778
2018-08-18 05:00:00,-5.160016,17.949835
2018-08-18 05:30:00,-5.1365395,14.236343
2018-08-18 06:00:00,-5.1130633,14.19029
2018-08-18 06:30:00,-5.0895867,9.605928
2018-08-18 07:00:00,-5.06611,4.0771065
2018-08-18 07:30:00,-5.042638,3.6015778
2018-08-18 08:00:00,-5.0191617,1.9602166
2018-08-18 08:30:00,-4.995685,0.4406773
2018-08-18 09:00:00,-4.9722085,-3.6685932
2018-08-18 09:30:00,-4.9487324,-7.862297
2018-08-18 10:00:00,-4.925256,-9.793817
2018-08-18 10:30:00,-4.901779,-13.822971
2018-08-18 11:00:00,-4.8783026,-14.494329
2018-08-18 11:30:00,-4.8548265,-16.1088
2018-08-18 12:00:00,-4.8548265,-15.903746
2018-08-18 12:30:00,-4.8548265,-15.502453
2018-08-18 13:00:00,-4.8548265,-14.469544
2018-08-18 13:30:00,-4.760925,-12.413889
2018-08-18 14:00:00,18.01118,-10.76316
2018-08-18 14:30:00,-3.844577,-7.2653794
2018-08-18 15:00:00,-3.4966552,-5.335467
2018-08-18 15:30:00,0.021845223,-3.2140198
2018-08-18 16:00:00,-3.0822623,-1.9958211
2018-08-18 16:30:00,-4.2375035,-1.4967897
2018-08-18 17:00:00,-1.5936493,1.5443602
2018-08-18 17:30:00,0.9670782,3.5377154
2018-08-18 18:00:00,7.628945,3.0979455
2018-08-18 18:30:00,3.8182755,5.589266
2018-08-18 19:00:00,4.1373205,8.243156
2018-08-18 19:30:00,3.768395,12.404741
2018-08-18 20:00:00,3.3441186,11.137815
2018-08-18 20:30:00,4.519441,10.583748
2018-08-18 21:00:00,14.882753,11.4278965
2018-08-18 21:30:00,28.66073,10.591552
2018-08-18 22:00:00,26.4367,9.040592
2018-08-18 22:30:00,-36.387455,8.31716
2018-08-18 23:00:00,-12.127252,6.286412
2018-08-18 23:30:00,12.132956,3.9611967
2018-08-19 00:00:00,3.8053858,1.8700116
2018-08-19 00:30:00,3.9247956,1.5813947
2018-08-19 01:00:00,-33.191032,0.29005292
2018-08-19 01:30:00,3.8821857,-1.235219
2018-08-19 02:00:00,4.236216,-1.3329437
2018-08-19 02:30:00,3.0755308,1.0258677
2018-08-19 03:00:00,4.010216,1.2133343
2018-08-19 03:30:00,3.010633,1.2973044
2018-08-19 04:00:00,4.2733293,0.33466393
2018-08-19 04:30:00,3.4411442,-0.123182
2018-08-19 05:00:00,4.8796844,-0.2998957
2018-08-19 05:30:00,3.4156842,0.58115166
2018-08-19 06:00:00,3.4686668,-1.7338834
2018-08-19 06:30:00,1.4459931,-3.0176704
2018-08-19 07:00:00,-3.813415,-6.3421197
2018-08-19 07:30:00,-15.718724,-9.453236
2018-08-19 08:00:00,-13.1415415,-10.266869
2018-08-19 08:30:00,-19.178885,-11.062761
2018-08-19 09:00:00,-26.343737,-11.7086115
2018-08-19 09:30:00,-27.510899,-12.364695
2018-08-19 10:00:00,-28.933239,-10.309635
2018-08-19 10:30:00,-42.90288,-6.917667
2018-08-19 11:00:00,-36.065903,-10.3008
2018-08-19 11:30:00,-11.894103,-8.088161
2018-08-19 12:00:00,-27.860077,-12.927719
2018-08-19 12:30:00,-2.5582514,-13.4776945
2018-08-19 13:00:00,-17.720083,-14.17739
2018-08-19 13:30:00,-12.134958,-12.232002
2018-08-19 14:00:00,-13.4538555,-3.95638
2018-08-19 14:30:00,-14.772751,-7.5115657
2018-08-19 15:00:00,-18.640816,-6.011199
2018-08-19 15:30:00,-25.749678,-2.231569
2018-08-19 16:00:00,-20.785585,2.1392899
2018-08-19 16:30:00,-7.684404,4.182661
2018-08-19 17:00:00,-6.5818524,7.639414
2018-08-19 17:30:00,-3.409207,9.544355
2018-08-19 18:00:00,-1.7098039,9.720698
2018-08-19 18:30:00,0.5162975,11.300093
2018-08-19 19:00:00,4.5003037,14.555065
2018-08-19 19:30:00,4.7846513,14.504346
2018-08-19 20:00:00,3.6988306,15.245719
2018-08-19 20:30:00,3.881325,15.650547
2018-08-19 21:00:00,3.7918496,17.224476
2018-08-19 21:30:00,3.900515,21.263443
2018-08-19 22:00:00,3.5081613,22.448313
2018-08-19 22:30:00,4.3625207,13.661915
2018-08-19 23:00:00,4.013965,15.868101
2018-08-19 23:30:00,3.9005544,19.162016
2018-08-20 00:00:00,3.2203002,17.90252
2018-08-20 00:30:00,3.7600188,16.171696
2018-08-20 01:00:00,2.8598382,3.5808146
2018-08-20 01:30:00,3.3876898,10.512965
2018-08-20 02:00:00,2.587095,11.41318
2018-08-20 02:30:00,3.185507,7.430555
2018-08-20 03:00:00,2.8867533,7.6302295
2018-08-20 03:30:00,3.5799932,3.227951
2018-08-20 04:00:00,2.8929842,4.0246134
2018-08-20 04:30:00,3.119233,9.062421
2018-08-20 05:00:00,3.5246818,9.7705345
2018-08-20 05:30:00,2.920406,12.698502
2018-08-20 06:00:00,0.09088957,10.67921
2018-08-20 06:30:00,4.521058,13.352776
2018-08-20 07:00:00,-42.395603,16.922314
2018-08-20 07:30:00,-44.023106,17.274754
2018-08-20 08:00:00,-45.650604,15.072845
2018-08-20 08:30:00,-13.4188,12.591068
2018-08-20 09:00:00,-1.7387071,9.737201
2018-08-20 09:30:00,-5.546559,9.905036
2018-08-20 10:00:00,-9.180125,7.608046
2018-08-20 10:30:00,-12.813688,2.7938175
2018-08-20 11:00:00,-21.368553,-5.8324404
2018-08-20 11:30:00,-7.7775583,-3.0637407
2018-08-20 12:00:00,-10.744324,-2.2808158
2018-08-20 12:30:00,-25.806595,4.0777926
2018-08-20 13:00:00,-10.360796,-0.89833397
2018-08-20 13:30:00,-21.733604,-1.0674582
2018-08-20 14:00:00,-22.9812,-4.2512364
2018-08-20 14:30:00,-17.276709,-2.8985271
2018-08-20 15:00:00,-21.91189,-0.37859192
2018-08-20 15:30:00,-11.700616,-2.7189252
2018-08-20 16:00:00,-9.164229,-4.422956
2018-08-20 16:30:00,-11.95398,-2.8891592
2018-08-20 17:00:00,-7.1998787,-4.895055
2018-08-20 17:30:00,-5.2076726,-2.044854
2018-08-20 18:00:00,-1.9557935,-0.52037275
2018-08-20 18:30:00,0.7470206,-4.7754
2018-08-20 19:00:00,1.5801756,-5.08132
2018-08-20 19:30:00,1.8225081,-1.0996383
2018-08-20 20:00:00,4.9888134,0.5492074
2018-08-20 20:30:00,2.8415961,1.6598593
2018-08-20 21:00:00,2.9336014,1.6314193
2018-08-20 21:30:00,3.007404,1.7725184
2018-08-20 22:00:00,4.75906,1.6998607
2018-08-20 22:30:00,2.4133832,1.8627061
2018-08-20 23:00:00,2.3639266,2.249476
2018-08-20 23:30:00,4.5091906,3.444723
2018-08-21 00:00:00,3.3893108,3.8534791
2018-08-21 00:30:00,4.2314577,4.0671444
2018-08-21 01:00:00,5.0736003,4.2312436
2018-08-21 01:30:00,-10.780847,4.514067
2018-08-21 02:00:00,-26.6353,3.6010053
2018-08-21 02:30:00,-42.48975,4.573158
2018-08-21 03:00:00,2.9211576,7.4606595
2018-08-21 03:30:00,3.6918135,7.4033117
2018-08-21 04:00:00,2.609689,3.9086552
2018-08-21 04:30:00,2.895326,4.114425
2018-08-21 05:00:00,3.0251305,2.851567
2018-08-21 05:30:00,3.154935,3.2063446
2018-08-21 06:00:00,3.2847393,-0.9884123
2018-08-21 06:30:00,1.9315581,-3.7249227
2018-08-21 07:00:00,-4.264847,-10.798866
2018-08-21 07:30:00,-10.433371,-16.812204
2018-08-21 08:00:00,-18.642538,-18.28551
2018-08-21 08:30:00,-21.12874,-21.948
2018-08-21 09:00:00,-26.327677,-23.20319
2018-08-21 09:30:00,-32.283733,-23.575987
2018-08-21 10:00:00,-33.902992,-30.003489
2018-08-21 10:30:00,-38.816,-28.586218
2018-08-21 11:00:00,-44.16625,-33.676727
2018-08-21 11:30:00,-47.239807,-29.11501
2018-08-21 12:00:00,-41.11785,-29.057856
2018-08-21 12:30:00,-41.838226,-31.69647
2018-08-21 13:00:00,-34.856342,-26.811028
2018-08-21 13:30:00,-33.882774,-30.211767
2018-08-21 14:00:00,-30.189219,-27.00951
2018-08-21 14:30:00,-22.406452,-18.637438
2018-08-21 15:00:00,-31.885061,-19.854937
2018-08-21 15:30:00,-27.241766,-17.138346
2018-08-21 16:00:00,-23.137314,-16.015923
2018-08-21 16:30:00,-12.254582,-11.363416
2018-08-21 17:00:00,-16.731007,-8.989872
2018-08-21 17:30:00,-10.897067,-5.633876
2018-08-21 18:00:00,-6.2436914,-4.6538935
2018-08-21 18:30:00,-1.1835821,-4.385803
2018-08-21 19:00:00,3.916153,-0.7282835
2018-08-21 19:30:00,6.0925,0.15424941
2018-08-21 20:00:00,6.269634,0.2791995
2018-08-21 20:30:00,4.7335563,-0.19442849
2018-08-21 21:00:00,5.957737,-2.0202632
2018-08-21 21:30:00,4.7795916,-3.085478
2018-08-21 22:00:00,4.8404827,-3.7753668
2018-08-21 22:30:00,3.370409,-1.0873605
2018-08-21 23:00:00,5.4588847,1.4303378
2018-08-21 23:30:00,-17.676765,-0.0685958
2018-08-22 00:00:00,-4.5861335,0.63327354
2018-08-22 00:30:00,8.504496,3.0180478
2018-08-22 01:00:00,5.7799044,4.030813
2018-08-22 01:30:00,3.0553138,1.9514736
2018-08-22 02:00:00,3.708216,-0.082870446
2018-08-22 02:30:00,-7.8538294,-4.262378
2018-08-22 03:00:00,3.2486877,-0.584637
2018-08-22 03:30:00,3.189789,-2.4890106
2018-08-22 04:00:00,3.1308904,-3.8131003
2018-08-22 04:30:00,3.0719917,-5.881967
2018-08-22 05:00:00,3.013093,-7.539486
2018-08-22 05:30:00,8.849626,-8.022652
2018-08-22 06:00:00,4.829109,-10.029739
2018-08-22 06:30:00,1.5137922,-11.602629
2018-08-22 07:00:00,-0.8326671,-13.062278
2018-08-22 07:30:00,-3.3129637,-11.878317
2018-08-22 08:00:00,-9.523949,-16.78773
2018-08-22 08:30:00,-22.118273,-21.648085
2018-08-22 09:00:00,-29.752794,-24.810257
2018-08-22 09:30:00,-17.789787,-26.55877
2018-08-22 10:00:00,-26.802557,-28.88518
2018-08-22 10:30:00,-20.342121,-26.833902
2018-08-22 11:00:00,-20.34446,-29.728743
2018-08-22 11:30:00,-17.390646,-26.023256
2018-08-22 12:00:00,-37.66498,-28.449724
2018-08-22 12:30:00,-35.007534,-28.301182
2018-08-22 13:00:00,-45.95699,-30.17209
2018-08-22 13:30:00,-39.81807,-31.178205
2018-08-22 14:00:00,-45.2076,-27.911224
2018-08-22 14:30:00,-33.159874,-26.476126
2018-08-22 15:00:00,-40.771915,-26.083998
2018-08-22 15:30:00,-27.611938,-23.003498
2018-08-22 16:00:00,-28.961706,-20.326042
2018-08-22 16:30:00,-24.723724,-16.91097
2018-08-22 17:00:00,-16.767876,-13.339542
2018-08-22 17:30:00,-11.18405,-12.438108
2018-08-22 18:00:00,-4.0490975,-9.561525
2018-08-22 18:30:00,0.16355611,-5.8084526
2018-08-22 19:00:00,4.376214,-2.1920176
2018-08-22 19:30:00,4.0102644,0.6204757
2018-08-22 20:00:00,5.369859,-0.5970372
2018-08-22 20:30:00,-7.856027,0.9456378
2018-08-22 21:00:00,-21.081919,-0.1110964
2018-08-22 21:30:00,9.90761,0.9176085
2018-08-22 22:00:00,8.702204,0.35895747
2018-08-22 22:30:00,7.496794,1.3112732
2018-08-22 23:00:00,6.2913885,-0.22913855
2018-08-22 23:30:00,6.178109,-2.894813
2018-08-23 00:00:00,6.0648336,-1.7544018
2018-08-23 00:30:00,1.8189689,-2.5653167
2018-08-23 01:00:00,2.687,-3.879676
2018-08-23 01:30:00,3.5550313,-3.5051534
2018-08-23 02:00:00,4.371198,-2.8692307
2018-08-23 02:30:00,5.1873693,-0.3462719
2018-08-23 03:00:00,6.6896014,-0.20948088
2018-08-23 03:30:00,8.191834,1.0340558
2018-08-23 04:00:00,9.694067,3.9560452
2018-08-23 04:30:00,3.6167088,2.3953073
2018-08-23 05:00:00,-9.188025,2.7231784
2018-08-23 05:30:00,-2.2516024,0.9830569
2018-08-23 06:00:00,4.684825,-0.6777564
2018-08-23 06:30:00,2.4759564,-4.6785803
2018-08-23 07:00:00,-4.3560305,-8.741566
2018-08-23 07:30:00,-11.188013,-10.536439
2018-08-23 08:00:00,-16.877636,-14.430196
2018-08-23 08:30:00,-25.277466,-21.427176
2018-08-23 09:00:00,-33.445755,-26.63865
2018-08-23 09:30:00,-37.100937,-30.61083
2018-08-23 10:00:00,-25.354124,-32.805447
2018-08-23 10:30:00,-23.993877,-31.504297
2018-08-23 11:00:00,-21.148733,-29.469982
2018-08-23 11:30:00,-19.448685,-28.347715
2018-08-23 12:00:00,-38.486683,-31.671848
2018-08-23 12:30:00,-38.723614,-34.807316
2018-08-23 13:00:00,-36.746853,-36.308117
2018-08-23 13:30:00,-35.47831,-36.771774
2018-08-23 14:00:00,-39.93651,-36.92115
2018-08-23 14:30:00,-34.331787,-32.416523
2018-08-23 15:00:00,-24.917942,-32.288773
2018-08-23 15:30:00,-24.105175,-25.704185
2018-08-23 16:00:00,-20.46311,-24.463877
2018-08-23 16:30:00,-15.584612,-18.11499
2018-08-23 17:00:00,-10.535203,-15.173255
2018-08-23 17:30:00,-8.705799,-9.253202
2018-08-23 18:00:00,-2.9475467,-5.3052707
2018-08-23 18:30:00,0.8334506,-2.7145383
2018-08-23 19:00:00,-35.44693,-0.679277
2018-08-23 19:30:00,-29.66188,-0.6856868
2018-08-23 20:00:00,-23.876831,1.1372335
2018-08-23 20:30:00,-31.578205,1.0200347
2018-08-23 21:00:00,-39.279575,0.0042236648
2018-08-23 21:30:00,-21.348225,3.3553872
2018-08-23 22:00:00,-3.4168708,1.2225405
2018-08-23 22:30:00,31.066002,2.5558107
2018-08-23 23:00:00,25.318962,2.2335017
2018-08-23 23:30:00,19.571917,1.8161769
2018-08-24 00:00:00,13.824879,0.89846206
2018-08-24 00:30:00,8.077838,-2.1122422
2018-08-24 01:00:00,2.3307981,-1.1257232
2018-08-24 01:30:00,-1.4356626,-1.5484309
2018-08-24 02:00:00,-5.2021236,1.1542958
2018-08-24 02:30:00,-8.968589,5.250585
2018-08-24 03:00:00,4.6291595,4.490232
2018-08-24 03:30:00,2.049408,5.884345
2018-08-24 04:00:00,4.250521,4.6353245
2018-08-24 04:30:00,4.602345,3.6036882
2018-08-24 05:00:00,4.954173,3.0923572
2018-08-24 05:30:00,7.258931,-0.3411423
2018-08-24 06:00:00,3.8550782,-0.56500554
2018-08-24 06:30:00,1.438775,-4.311328
2018-08-24 07:00:00,-3.3107264,-9.249335
2018-08-24 07:30:00,-10.7065115,-14.113203
2018-08-24 08:00:00,-16.265474,-19.660234
2018-08-24 08:30:00,-19.326565,-24.491753
2018-08-24 09:00:00,-24.409513,-29.217276
2018-08-24 09:30:00,-30.091942,-32.28101
2018-08-24 10:00:00,-28.040344,-37.503483
2018-08-24 10:30:00,-31.711481,-36.576958
2018-08-24 11:00:00,-32.932163,-36.944473
2018-08-24 11:30:00,-35.515896,-36.34685
2018-08-24 12:00:00,-34.607918,-37.3605
2018-08-24 12:30:00,-34.99531,-36.189564
2018-08-24 13:00:00,-35.74224,-35.646244
2018-08-24 13:30:00,-30.25068,-34.882946
2018-08-24 14:00:00,-30.428066,-33.862785
2018-08-24 14:30:00,-31.140135,-30.22098
2018-08-24 15:00:00,-28.405176,-27.174114
2018-08-24 15:30:00,-23.112162,-23.97763
2018-08-24 16:00:00,-19.50366,-20.477547
2018-08-24 16:30:00,-13.734462,-16.11179
2018-08-24 17:00:00,-12.421124,-12.138402
2018-08-24 17:30:00,-6.8417935,-7.1693673
2018-08-24 18:00:00,-3.8012333,-2.6981227
2018-08-24 18:30:00,-0.5732418,2.978208
2018-08-24 19:00:00,-19.763424,0.6388663
2018-08-24 19:30:00,-38.953606,-0.3787929
2018-08-24 20:00:00,-8.54176,0.24417922
2018-08-24 20:30:00,21.870083,0.9389047
2018-08-24 21:00:00,10.376042,1.5125033
2018-08-24 21:30:00,-1.1179982,2.7004838
2018-08-24 22:00:00,0.85791457,4.912734
2018-08-24 22:30:00,-46.71977,8.411926
2018-08-24 23:00:00,-15.046762,8.907589
2018-08-24 23:30:00,4.722458,10.4334955
2018-08-25 00:00:00,-1.93628,10.129773
2018-08-25 00:30:00,-7.788355,8.833774
2018-08-25 01:00:00,5.073255,6.1311517
2018-08-25 01:30:00,-21.993488,5.174965
2018-08-25 02:00:00,-15.998561,1.4698017
2018-08-25 02:30:00,5.6332912,-3.8367124
2018-08-25 03:00:00,11.365996,-2.8257382
2018-08-25 03:30:00,17.098705,-3.2467942
2018-08-25 04:00:00,22.831411,-1.8588116
2018-08-25 04:30:00,2.0775423,-0.82124126
2018-08-25 05:00:00,5.7176065,2.2093523
2018-08-25 05:30:00,9.357672,3.2590606
2018-08-25 06:00:00,12.997736,2.341656
2018-08-25 06:30:00,16.6378,-0.07415361
2018-08-25 07:00:00,-13.979217,-2.8180263
2018-08-25 07:30:00,-14.3510065,-9.067484
2018-08-25 08:00:00,-15.014808,-14.438289
2018-08-25 08:30:00,-17.982796,-20.334791
2018-08-25 09:00:00,-25.33055,-24.1154
2018-08-25 09:30:00,-30.925615,-27.29981
2018-08-25 10:00:00,-31.337831,-29.466236
2018-08-25 10:30:00,-34.784554,-31.730919
2018-08-25 11:00:00,-35.45946,-33.294228
2018-08-25 11:30:00,-38.63022,-33.90628
2018-08-25 12:00:00,-38.917576,-37.32464
2018-08-25 12:30:00,-43.003586,-36.866295
2018-08-25 13:00:00,-43.595345,-37.313946
2018-08-25 13:30:00,-38.439148,-34.752388
2018-08-25 14:00:00,-34.477386,-31.679228
2018-08-25 14:30:00,-27.681816,-30.667555
2018-08-25 15:00:00,-26.728302,-27.919174
2018-08-25 15:30:00,-27.509914,-24.818785
2018-08-25 16:00:00,-18.31922,-21.240107
2018-08-25 16:30:00,-16.745247,-16.12298
2018-08-25 17:00:00,-13.5458,-12.675525
2018-08-25 17:30:00,-9.653203,-9.208692
2018-08-25 18:00:00,-3.7691753,-5.86757
2018-08-25 18:30:00,0.6003156,-2.7560866
2018-08-25 19:00:00,2.7503338,-3.0142143
2018-08-25 19:30:00,3.2283223,-6.3288283
2018-08-25 20:00:00,6.5542307,-3.431932
2018-08-25 20:30:00,5.0709176,1.3325999
2018-08-25 21:00:00,4.2814517,-0.13673133
2018-08-25 21:30:00,3.491986,-0.07706796
2018-08-25 22:00:00,4.0040207,0.15877606
2018-08-25 22:30:00,5.845174,-4.987401
2018-08-25 23:00:00,6.8557763,-5.3383203
2018-08-25 23:30:00,3.9048364,-3.6618338
2018-08-26 00:00:00,8.009663,-4.361663
2018-08-26 00:30:00,3.8385534,-3.7739336
2018-08-26 01:00:00,3.6424792,-4.1109543
2018-08-26 01:30:00,4.0606604,-8.649884
2018-08-26 02:00:00,6.9513516,-9.543943
2018-08-26 02:30:00,7.251744,-5.558299
2018-08-26 03:00:00,6.411056,-5.2877536
2018-08-26 03:30:00,3.5012927,-4.148627
2018-08-26 04:00:00,5.322596,-0.7939067
2018-08-26 04:30:00,5.362925,-1.7219813
2018-08-26 05:00:00,5.4032497,-0.15277554
2018-08-26 05:30:00,38.84367,0.6178541
2018-08-26 06:00:00,-26.367235,-0.4227354
2018-08-26 06:30:00,-7.7885776,-1.5814021
2018-08-26 07:00:00,10.790082,-4.8186173
2018-08-26 07:30:00,-6.6027336,-8.36235
2018-08-26 08:00:00,-23.995548,-11.287888
2018-08-26 08:30:00,-41.388363,-13.052001
2018-08-26 09:00:00,-21.8902,-17.183193
2018-08-26 09:30:00,-26.017351,-23.819176
2018-08-26 10:00:00,-24.996157,-23.628038
2018-08-26 10:30:00,-33.994152,-24.015491
2018-08-26 11:00:00,-32.76444,-22.54265
2018-08-26 11:30:00,-30.221622,-23.94542
2018-08-26 12:00:00,-29.364403,-23.997423
2018-08-26 12:30:00,-29.39856,-23.657887
2018-08-26 13:00:00,-32.68689,-24.624899
2018-08-26 13:30:00,-29.145685,-24.204584
2018-08-26 14:00:00,-17.278067,-22.476189
2018-08-26 14:30:00,-26.851252,-20.01522
2018-08-26 15:00:00,-16.097015,-17.579592
2018-08-26 15:30:00,-15.502976,-15.9270525
2018-08-26 16:00:00,-20.696405,-12.551637
2018-08-26 16:30:00,-13.497368,-12.065224
2018-08-26 17:00:00,-3.0749087,-9.626983
2018-08-26 17:30:00,1.0486189,-5.768508
2018-08-26 18:00:00,3.7324483,-2.4624624
2018-08-26 18:30:00,3.9030974,-0.5766018
2018-08-26 19:00:00,4.3779445,3.1364307
2018-08-26 19:30:00,4.8527956,5.186465
2018-08-26 20:00:00,4.1359878,6.34892
2018-08-26 20:30:00,4.2179437,6.210014
2018-08-26 21:00:00,4.9310503,4.9168763
2018-08-26 21:30:00,4.3160396,4.817605
2018-08-26 22:00:00,4.882284,4.9589443
2018-08-26 22:30:00,5.4485335,3.6609528
2018-08-26 23:00:00,6.014783,3.155953
2018-08-26 23:30:00,4.8351655,3.7679493
2018-08-27 00:00:00,5.1478047,2.7311828
2018-08-27 00:30:00,4.474992,1.5358793
2018-08-27 01:00:00,2.9315085,2.092411
2018-08-27 01:30:00,5.593779,2.3922443
2018-08-27 02:00:00,4.2776723,5.036317
2018-08-27 02:30:00,4.193095,8.544698
2018-08-27 03:00:00,4.632266,9.1149845
2018-08-27 03:30:00,4.373562,10.197813
2018-08-27 04:00:00,4.114862,11.743031
2018-08-27 04:30:00,4.2671027,10.783296
2018-08-27 05:00:00,4.9660707,12.791026
2018-08-27 05:30:00,4.8203006,9.989133
2018-08-27 06:00:00,4.379902,6.432929
2018-08-27 06:30:00,3.065691,1.5325629
2018-08-27 07:00:00,-0.90006423,-1.4338843
2018-08-27 07:30:00,-4.8658195,-5.2850275
2018-08-27 08:00:00,-7.4594088,-11.580337
2018-08-27 08:30:00,-3.5590756,-16.194506
2018-08-27 09:00:00,-8.921741,-18.819036
2018-08-27 09:30:00,-11.346873,-20.248537
2018-08-27 10:00:00,-10.447579,-22.420134
2018-08-27 10:30:00,-11.368174,-21.27111
2018-08-27 11:00:00,-14.660753,-21.07408
2018-08-27 11:30:00,-14.20537,-21.538504
2018-08-27 12:00:00,-19.45011,-24.249523
2018-08-27 12:30:00,-27.130684,-22.599129
2018-08-27 13:00:00,-28.311039,-24.741697
2018-08-27 13:30:00,-25.169825,-25.902523
2018-08-27 14:00:00,-15.42721,-22.049461
2018-08-27 14:30:00,-11.272608,-24.285603
2018-08-27 15:00:00,-3.158136,-18.159336
2018-08-27 15:30:00,-1.8730949,-17.922604
2018-08-27 16:00:00,1.1796554,-17.577202
2018-08-27 16:30:00,1.0211444,-9.580156
2018-08-27 17:00:00,-2.0878918,-4.3998203
2018-08-27 17:30:00,-3.3965971,-3.9597487
2018-08-27 18:00:00,0.28709927,-6.4125185
2018-08-27 18:30:00,1.9094712,-5.9670424
2018-08-27 19:00:00,4.0186925,-3.5667787
2018-08-27 19:30:00,3.5999043,2.386005
2018-08-27 20:00:00,4.5744205,5.399942
2018-08-27 20:30:00,5.163836,3.3645978
2018-08-27 21:00:00,4.9189563,4.0159097
2018-08-27 21:30:00,3.4885516,3.9367194
2018-08-27 22:00:00,1.3606905,0.09271159
2018-08-27 22:30:00,-3.0135064,2.5433624
2018-08-27 23:00:00,1.1247853,1.214903
2018-08-27 23:30:00,5.263077,-2.0101001
2018-08-28 00:00:00,4.6634893,-3.5410082
2018-08-28 00:30:00,4.13985,-4.707186
2018-08-28 01:00:00,4.937504,-1.9415538
2018-08-28 01:30:00,3.1308422,-2.3602984
2018-08-28 02:00:00,3.5752044,-1.6259737
2018-08-28 02:30:00,2.979117,-2.4539027
2018-08-28 03:00:00,2.3830292,0.35038918
2018-08-28 03:30:00,9.051519,2.4866483
2018-08-28 04:00:00,20.87564,0.44555783
2018-08-28 04:30:00,10.450789,0.59148514
2018-08-28 05:00:00,3.9248393,-1.4126406
2018-08-28 05:30:00,4.493072,-2.6988044
2018-08-28 06:00:00,2.0398,-3.43884
2018-08-28 06:30:00,2.4924815,-5.9519157
2018-08-28 07:00:00,2.9451628,-7.1623635
2018-08-28 07:30:00,0.5971653,-6.451004
2018-08-28 08:00:00,-1.7508321,-11.115395
2018-08-28 08:30:00,-4.2822323,-13.321952
2018-08-28 09:00:00,-11.888773,-16.11841
2018-08-28 09:30:00,-17.372879,-19.73016
2018-08-28 10:00:00,-24.217964,-21.372559
2018-08-28 10:30:00,-18.483356,-25.55124
2018-08-28 11:00:00,-21.019762,-23.811565
2018-08-28 11:30:00,-22.704473,-25.83476
2018-08-28 12:00:00,-30.219765,-26.069773
2018-08-28 12:30:00,-41.751858,-30.382914
2018-08-28 13:00:00,-37.9766,-27.791113
2018-08-28 13:30:00,-32.632164,-25.249046
2018-08-28 14:00:00,-25.675201,-24.4868
2018-08-28 14:30:00,-27.675476,-20.52601
2018-08-28 15:00:00,-28.044268,-18.350174
2018-08-28 15:30:00,-28.083092,-17.444069
2018-08-28 16:00:00,-19.561518,-15.323659
2018-08-28 16:30:00,-15.788081,-14.567407
2018-08-28 17:00:00,-13.293428,-14.134918
2018-08-28 17:30:00,-1.0461663,-8.404284
2018-08-28 18:00:00,1.2629614,-4.2904687
2018-08-28 18:30:00,2.1683023,0.022714723
2018-08-28 19:00:00,3.073639,1.5970063
2018-08-28 19:30:00,5.126002,3.4201322
2018-08-28 20:00:00,3.4319775,4.9011164
2018-08-28 20:30:00,1.7379526,5.980606
2018-08-28 21:00:00,0.043927882,4.7980695
2018-08-28 21:30:00,-1.6500968,3.4298759
2018-08-28 22:00:00,-3.3441215,4.1387796
2018-08-28 22:30:00,14.242622,3.3606784
2018-08-28 23:00:00,31.829361,1.5926589
2018-08-28 23:30:00,6.82558,0.3084435
2018-08-29 00:00:00,-18.178204,2.0976675
2018-08-29 00:30:00,-20.304888,3.263299
2018-08-29 01:00:00,-6.6787558,3.616949
2018-08-29 01:30:00,6.9473796,3.7567942
2018-08-29 02:00:00,5.224338,4.3031106
2018-08-29 02:30:00,5.5365014,3.8514168
2018-08-29 03:00:00,6.308757,4.569291
2018-08-29 03:30:00,0.98584455,3.9473414
2018-08-29 04:00:00,4.532912,5.5012717
2018-08-29 04:30:00,8.780861,3.3433583
2018-08-29 05:00:00,13.028815,3.217766
2018-08-29 05:30:00,5.355152,-0.37983283
2018-08-29 06:00:00,-7.483829,-1.262759
2018-08-29 06:30:00,-7.3060665,-4.343962
2018-08-29 07:00:00,-7.1283045,-8.08637
2018-08-29 07:30:00,-6.9505377,-11.333984
2018-08-29 08:00:00,-12.92501,-13.49378
2018-08-29 08:30:00,-17.686495,-14.817599
2018-08-29 09:00:00,-16.755476,-17.81279
2018-08-29 09:30:00,-23.290451,-20.599806
2018-08-29 10:00:00,-28.650175,-22.877329
2018-08-29 10:30:00,-29.215202,-24.769255
2018-08-29 11:00:00,-40.149834,-25.087835
2018-08-29 11:30:00,-31.906546,-25.830702
2018-08-29 12:00:00,-30.854515,-24.746231
2018-08-29 12:30:00,-33.046577,-30.11096
2018-08-29 13:00:00,-31.694767,-25.541956
2018-08-29 13:30:00,-33.60543,-23.093893
2018-08-29 14:00:00,-34.74039,-23.231558
2018-08-29 14:30:00,-28.812714,-21.82178
2018-08-29 15:00:00,-24.032309,-20.20543
2018-08-29 15:30:00,-22.52245,-18.61645
2018-08-29 16:00:00,-21.708834,-16.990591
2018-08-29 16:30:00,-13.471088,-11.579349
2018-08-29 17:00:00,-12.428867,-8.230187
2018-08-29 17:30:00,-7.3413796,-5.181522
2018-08-29 18:00:00,-3.105599,-3.7856958
2018-08-29 18:30:00,2.5385823,-2.7188423
2018-08-29 19:00:00,3.8872585,-0.74800676
2018-08-29 19:30:00,7.9159365,1.606383
2018-08-29 20:00:00,5.960839,2.1843553
2018-08-29 20:30:00,5.7166057,2.8990357
2018-08-29 21:00:00,5.066889,1.7897599
2018-08-29 21:30:00,7.7930965,1.3819866
2018-08-29 22:00:00,7.4994726,1.8623346
2018-08-29 22:30:00,8.681611,3.2633076
2018-08-29 23:00:00,5.900088,4.0224504
2018-08-29 23:30:00,6.65054,3.9592042
2018-08-30 00:00:00,6.2231526,1.657679
2018-08-30 00:30:00,7.276186,0.03423231
2018-08-30 01:00:00,7.1475744,-1.2161599
2018-08-30 01:30:00,4.0644484,0.76503545
2018-08-30 02:00:00,4.972061,-0.07235344
2018-08-30 02:30:00,6.2091184,-0.6863466
2018-08-30 03:00:00,2.180108,-0.38948032
2018-08-30 03:30:00,4.5365953,-0.34984165
2018-08-30 04:00:00,4.886339,0.47434306
2018-08-30 04:30:00,5.236083,0.20315109
2018-08-30 05:00:00,5.585827,2.2217786
2018-08-30 05:30:00,5.186657,3.2917433
2018-08-30 06:00:00,3.9332852,0.6490818
2018-08-30 06:30:00,2.6799088,-1.2512895
2018-08-30 07:00:00,-2.22581,-6.0477486
2018-08-30 07:30:00,-5.415159,-8.863156
2018-08-30 08:00:00,-12.494743,-13.534649
2018-08-30 08:30:00,-17.89331,-15.861651
2018-08-30 09:00:00,-21.157715,-19.864445
2018-08-30 09:30:00,-24.716469,-20.395641
2018-08-30 10:00:00,-33.836033,-21.61292
2018-08-30 10:30:00,-34.90751,-22.485596
2018-08-30 11:00:00,-31.780329,-24.074997
2018-08-30 11:30:00,-35.478313,-25.428932
2018-08-30 12:00:00,-39.604164,-28.008055
2018-08-30 12:30:00,-40.93831,-30.458805
2018-08-30 13:00:00,-42.17654,-30.559828
2018-08-30 13:30:00,-34.539566,-31.221354
2018-08-30 14:00:00,-30.832336,-33.159203
2018-08-30 14:30:00,-28.927013,-31.86688
2018-08-30 15:00:00,-33.348045,-27.880482
2018-08-30 15:30:00,-17.068829,-25.787212
2018-08-30 16:00:00,-19.413252,-21.941805
2018-08-30 16:30:00,-13.283602,-16.833122
2018-08-30 17:00:00,-8.067455,-11.5142765
2018-08-30 17:30:00,-2.8513076,-8.208791
2018-08-30 18:00:00,-2.3202665,-6.021135
2018-08-30 18:30:00,2.1697528,-2.3423274
2018-08-30 19:00:00,7.3466763,2.13766
2018-08-30 19:30:00,7.8368206,2.3331358
2018-08-30 20:00:00,4.5000763,3.8815434
2018-08-30 20:30:00,4.7636786,3.1934943
2018-08-30 21:00:00,7.0020666,3.1934068
2018-08-30 21:30:00,4.122727,4.503515
2018-08-30 22:00:00,13.1903715,2.9949908
2018-08-30 22:30:00,22.25801,2.9644709
2018-08-30 23:00:00,31.325655,2.340437
2018-08-30 23:30:00,4.6968975,0.86902577
2018-08-31 00:00:00,-4.761012,2.3041496
2018-08-31 00:30:00,3.5786912,3.7048733
2018-08-31 01:00:00,9.644724,3.59072
2018-08-31 01:30:00,-3.4066422,1.99525
2018-08-31 02:00:00,-11.269693,1.4724582
2018-08-31 02:30:00,-4.408607,1.8164216
2018-08-31 03:00:00,2.4524844,2.221796
2018-08-31 03:30:00,9.313576,2.0820122
2018-08-31 04:00:00,6.144596,4.077526
2018-08-31 04:30:00,7.954111,5.5237255
2018-08-31 05:00:00,3.137156,5.4425344
2018-08-31 05:30:00,-1.6797953,5.782491
2018-08-31 06:00:00,3.7429655,2.9061882
2018-08-31 06:30:00,9.165726,3.6669037
2018-08-31 07:00:00,14.5884905,1.3054576
2018-08-31 07:30:00,-9.485307,-3.7267053
2018-08-31 08:00:00,-3.451214,-9.703197
2018-08-31 08:30:00,-3.9370413,-13.051018
2018-08-31 09:00:00,-5.3045974,-13.693483
2018-08-31 09:30:00,-7.3087497,-14.20079
2018-08-31 10:00:00,-20.879025,-16.590422
2018-08-31 10:30:00,-32.27398,-17.926548
2018-08-31 11:00:00,-15.640646,-20.06559
2018-08-31 11:30:00,-25.131308,-19.270512
2018-08-31 12:00:00,-33.36959,-19.914038
2018-08-31 12:30:00,-37.76835,-21.516966
2018-08-31 13:00:00,-39.817036,-25.064325
2018-08-31 13:30:00,-34.708157,-26.730087
2018-08-31 14:00:00,-34.24029,-24.949743
2018-08-31 14:30:00,-33.025185,-23.072678
2018-08-31 15:00:00,-26.597536,-20.151226
2018-08-31 15:30:00,-23.501154,-16.58878
2018-08-31 16:00:00,-2.638621,-12.697454
2018-08-31 16:30:00,0.6022512,-8.817589
2018-08-31 17:00:00,1.301027,-4.838808
2018-08-31 17:30:00,1.493466,-1.0774683
2018-08-31 18:00:00,4.1670012,2.161936
2018-08-31 18:30:00,5.252105,4.161256
2018-08-31 19:00:00,6.3372097,6.7014384
2018-08-31 19:30:00,5.9016867,6.719038
2018-08-31 20:00:00,5.141159,6.56189
2018-08-31 20:30:00,4.9973946,6.82104
2018-08-31 21:00:00,5.698858,9.495704
2018-08-31 21:30:00,6.063453,9.226604
2018-08-31 22:00:00,6.253187,7.1553955
2018-08-31 22:30:00,4.6573505,7.709581
2018-08-31 23:00:00,6.314861,3.854104
2018-08-31 23:30:00,3.552947,2.3447933
2018-09-01 00:00:00,5.308623,1.6911175
2018-09-01 00:30:00,4.035637,3.6424835
2018-09-01 01:00:00,4.3108487,2.486041
2018-09-01 01:30:00,5.5499244,1.921513
2018-09-01 02:00:00,7.2088413,1.3499506
2018-09-01 02:30:00,4.3991094,3.0116947
2018-09-01 03:00:00,5.5136676,4.149935
2018-09-01 03:30:00,5.0375795,6.120971
2018-09-01 04:00:00,5.519072,7.4508414
2018-09-01 04:30:00,5.0217757,6.994162
2018-09-01 05:00:00,6.5743513,7.8402767
2018-09-01 05:30:00,4.9419785,5.018966
2018-09-01 06:00:00,5.171408,3.6483166
2018-09-01 06:30:00,4.9407244,0.9426885
2018-09-01 07:00:00,3.265322,-1.8424003
2018-09-01 07:30:00,-1.0535418,-5.405604
2018-09-01 08:00:00,-3.6582685,-8.6518545
2018-09-01 08:30:00,-8.877414,-11.307392
2018-09-01 09:00:00,-11.195602,-12.935623
2018-09-01 09:30:00,-6.697859,-14.212369
2018-09-01 10:00:00,-7.90634,-14.975848
2018-09-01 10:30:00,-8.592502,-16.453617
2018-09-01 11:00:00,-7.991088,-15.816246
2018-09-01 11:30:00,-6.196398,-18.183165
2018-09-01 12:00:00,-6.56902,-18.403835
2018-09-01 12:30:00,-13.674099,-19.74518
2018-09-01 13:00:00,-17.805996,-20.774221
2018-09-01 13:30:00,-11.954676,-20.152779
2018-09-01 14:00:00,-18.48849,-16.262987
2018-09-01 14:30:00,-19.273712,-16.247503
2018-09-01 15:00:00,-29.883286,-15.883877
2018-09-01 15:30:00,-22.629385,-16.662354
2018-09-01 16:00:00,-9.744592,-10.005328
2018-09-01 16:30:00,-9.477468,-5.8352413
2018-09-01 17:00:00,-1.3194817,-3.0382543
2018-09-01 17:30:00,-6.163173,2.4151397
2018-09-01 18:00:00,-1.8064319,4.4786186
2018-09-01 18:30:00,2.7689078,7.127222
2018-09-01 19:00:00,5.1997433,8.345631
2018-09-01 19:30:00,5.0797653,8.607141
2018-09-01 20:00:00,6.0692554,6.4797597
2018-09-01 20:30:00,5.761868,6.6048627
2018-09-01 21:00:00,5.4225492,7.919738
2018-09-01 21:30:00,5.717209,6.492243
2018-09-01 22:00:00,8.19058,6.563035
2018-09-01 22:30:00,3.3170943,5.655575
2018-09-01 23:00:00,6.057126,3.794943
2018-09-01 23:30:00,33.50386,4.8963842
2018-09-02 00:00:00,19.408512,6.806984
2018-09-02 00:30:00,5.313167,5.0851703
2018-09-02 01:00:00,3.3658168,5.3803673
2018-09-02 01:30:00,8.8825445,5.317746
2018-09-02 02:00:00,3.917595,5.9458084
2018-09-02 02:30:00,4.937316,6.124209
2018-09-02 03:00:00,3.251716,2.1569288
2018-09-02 03:30:00,5.962687,1.5265113
2018-09-02 04:00:00,4.449877,2.8051734
2018-09-02 04:30:00,3.5320396,4.4954143
2018-09-02 05:00:00,4.92409,2.5954318
2018-09-02 05:30:00,4.3912883,2.1235166
2018-09-02 06:00:00,3.700845,1.3977555
2018-09-02 06:30:00,2.9625397,-1.3867172
2018-09-02 07:00:00,0.49995178,-2.9709926
2018-09-02 07:30:00,-3.5817657,-6.470456
2018-09-02 08:00:00,-6.4342957,-7.2696395
2018-09-02 08:30:00,-12.25858,-10.24804
2018-09-02 09:00:00,-8.2474985,-12.829676
2018-09-02 09:30:00,-16.46262,-16.735432
2018-09-02 10:00:00,-18.133827,-18.119484
2018-09-02 10:30:00,-10.365541,-16.288464
2018-09-02 11:00:00,-11.652732,-15.435433
2018-09-02 11:30:00,-16.125526,-15.482554
2018-09-02 12:00:00,-27.481188,-16.120295
2018-09-02 12:30:00,-29.435926,-19.136707
2018-09-02 13:00:00,-25.637638,-19.5462
2018-09-02 13:30:00,-24.16175,-19.423735
2018-09-02 14:00:00,-35.15294,-20.45532
2018-09-02 14:30:00,-29.483469,-22.167439
2018-09-02 15:00:00,-14.539802,-22.04012
2018-09-02 15:30:00,-24.116781,-18.24458
2018-09-02 16:00:00,-18.771317,-12.868558
2018-09-02 16:30:00,-20.52578,-11.502807
2018-09-02 17:00:00,-11.749093,-7.7690597
2018-09-02 17:30:00,-9.697044,-5.50093
2018-09-02 18:00:00,-2.2048242,-3.189403
2018-09-02 18:30:00,13.341581,-0.9259832
2018-09-02 19:00:00,0.0470607,0.7997324
2018-09-02 19:30:00,-13.247457,3.5186958
2018-09-02 20:00:00,-26.541975,4.423176
2018-09-02 20:30:00,-15.443292,5.9898167
2018-09-02 21:00:00,-4.3446093,5.55172
2018-09-02 21:30:00,6.7540755,6.6013803
2018-09-02 22:00:00,-4.9156036,6.3831754
2018-09-02 22:30:00,-16.585285,5.7954464
2018-09-02 23:00:00,18.55442,6.3528304
2018-09-02 23:30:00,11.658297,5.023471
2018-09-03 00:00:00,4.7621713,6.842909
2018-09-03 00:30:00,-2.1339536,6.317482
2018-09-03 01:00:00,-9.030078,5.927278
2018-09-03 01:30:00,-15.926203,6.3304462
2018-09-03 02:00:00,-22.822329,7.704543
2018-09-03 02:30:00,-29.718452,8.153305
2018-09-03 03:00:00,15.357971,9.214536
2018-09-03 03:30:00,60.43439,8.559047
2018-09-03 04:00:00,1.014219,11.278675
2018-09-03 04:30:00,-7.7300897,10.659941
2018-09-03 05:00:00,4.8540144,14.008893
2018-09-03 05:30:00,17.43812,16.259459
2018-09-03 06:00:00,-6.4979787,12.447824
2018-09-03 06:30:00,-30.434076,10.641253
2018-09-03 07:00:00,-18.105137,6.648202
2018-09-03 07:30:00,-5.7761984,1.8421003
2018-09-03 08:00:00,-17.149939,0.36957934
2018-09-03 08:30:00,-12.485332,-8.37316
2018-09-03 09:00:00,-11.752934,-10.423614
2018-09-03 09:30:00,-16.211952,-15.768572
2018-09-03 10:00:00,-19.45981,-18.611494
2018-09-03 10:30:00,-23.125614,-21.253302
2018-09-03 11:00:00,-24.587427,-21.91654
2018-09-03 11:30:00,-23.667267,-24.554117
2018-09-03 12:00:00,-27.511992,-26.273027
2018-09-03 12:30:00,-24.115288,-24.742804
2018-09-03 13:00:00,-22.945179,-23.899107
2018-09-03 13:30:00,-22.212303,-23.31148
2018-09-03 14:00:00,-24.548553,-23.04521
2018-09-03 14:30:00,-17.293688,-21.075405
2018-09-03 15:00:00,-16.614687,-19.587822
2018-09-03 15:30:00,-16.661993,-17.878162
2018-09-03 16:00:00,-11.887081,-16.00987
2018-09-03 16:30:00,-9.124565,-12.502219
2018-09-03 17:00:00,-6.772417,-10.013202
2018-09-03 17:30:00,-3.1006136,-6.8456516
2018-09-03 18:00:00,-0.6553679,-5.112071
2018-09-03 18:30:00,3.1550047,0.46424115
2018-09-03 19:00:00,4.365767,2.7718527
2018-09-03 19:30:00,3.6187537,3.3072371
2018-09-03 20:00:00,1.4620067,-2.461903
2018-09-03 20:30:00,4.2015586,-1.3479917
2018-09-03 21:00:00,4.513189,-0.23032264
2018-09-03 21:30:00,3.6595328,0.6580215
2018-09-03 22:00:00,2.7392137,-1.1241634
2018-09-03 22:30:00,2.8420944,-2.4228935
2018-09-03 23:00:00,-1.1979704,2.3698514
2018-09-03 23:30:00,4.4278994,0.42980635
2018-09-04 00:00:00,10.053769,0.50085187
2018-09-04 00:30:00,1.4530146,0.4483411
2018-09-04 01:00:00,6.6476603,-0.76110166
2018-09-04 01:30:00,4.108505,-2.0337076
2018-09-04 02:00:00,1.569344,-7.5829563
2018-09-04 02:30:00,-0.96981204,-12.572701
2018-09-04 03:00:00,-3.5089679,-1.8035307
2018-09-04 03:30:00,-6.0481286,3.3165438
2018-09-04 04:00:00,-8.587285,1.8859335
2018-09-04 04:30:00,-11.12644,0.19460903
2018-09-04 05:00:00,-13.665599,4.099137
2018-09-04 05:30:00,-16.204754,4.0289564
2018-09-04 06:00:00,-18.743914,0.7923569
2018-09-04 06:30:00,-21.28307,-7.2569118
2018-09-04 07:00:00,-23.822227,-6.5170074
2018-09-04 07:30:00,-26.361387,-9.026911
2018-09-04 08:00:00,-9.623583,-11.84455
2018-09-04 08:30:00,-9.910335,-15.490618
2018-09-04 09:00:00,-17.87755,-18.886667
2018-09-04 09:30:00,-19.276863,-20.941383
2018-09-04 10:00:00,-23.388859,-24.408268
2018-09-04 10:30:00,-28.638193,-26.063665
2018-09-04 11:00:00,-29.635399,-25.687666
2018-09-04 11:30:00,-27.879913,-27.024282
2018-09-04 12:00:00,-26.17606,-27.572044
2018-09-04 12:30:00,-32.54735,-26.30308
2018-09-04 13:00:00,-31.17905,-24.108397
2018-09-04 13:30:00,-29.826353,-23.058365
2018-09-04 14:00:00,-26.112122,-24.324947
2018-09-04 14:30:00,-34.51381,-21.889532
2018-09-04 15:00:00,-20.768124,-20.99928
2018-09-04 15:30:00,-14.716231,-18.259003
2018-09-04 16:00:00,-14.683609,-15.470734
2018-09-04 16:30:00,-9.210925,-12.627379
2018-09-04 17:00:00,-5.214751,-9.616902
2018-09-04 17:30:00,-2.883348,-6.7175384
2018-09-04 18:00:00,0.95892936,-5.1086545
2018-09-04 18:30:00,-5.57835,-4.5613894
2018-09-04 19:00:00,-14.602066,-2.3531544
2018-09-04 19:30:00,-23.625788,-2.31768
2018-09-04 20:00:00,-21.291094,-3.628238
2018-09-04 20:30:00,-18.956402,-1.8650684
2018-09-04 21:00:00,-16.621708,-1.3805783
2018-09-04 21:30:00,-36.646156,-0.5771742
2018-09-04 22:00:00,-27.847692,1.7832495
2018-09-04 22:30:00,-19.049227,1.9978411
2018-09-04 23:00:00,-10.250758,2.1391587
2018-09-04 23:30:00,-1.4522923,2.2985787
2018-09-05 00:00:00,7.3461742,3.65006
2018-09-05 00:30:00,6.4609365,3.759049
2018-09-05 01:00:00,5.575699,2.3667185
2018-09-05 01:30:00,4.690461,2.268487
2018-09-05 02:00:00,3.8052285,4.172419
2018-09-05 02:30:00,2.919991,3.8040793
2018-09-05 03:00:00,3.726458,2.7582815
2018-09-05 03:30:00,-1.3314013,3.1869664
2018-09-05 04:00:00,-6.389261,5.1043253
2018-09-05 04:30:00,-11.44712,3.960279
2018-09-05 05:00:00,-16.504976,5.0673127
2018-09-05 05:30:00,-15.356097,2.4408445
2018-09-05 06:00:00,-14.207218,1.4199562
2018-09-05 06:30:00,-13.058341,1.0008007
2018-09-05 07:00:00,-11.909461,1.3923856
2018-09-05 07:30:00,-10.760582,-3.837241
2018-09-05 08:00:00,-9.611698,-7.1560845
2018-09-05 08:30:00,-9.335093,-8.066066
2018-09-05 09:00:00,-15.165087,-14.011496
2018-09-05 09:30:00,-17.216484,-18.794687
2018-09-05 10:00:00,-23.194616,-22.576996
2018-09-05 10:30:00,-23.421059,-27.495436
2018-09-05 11:00:00,-28.991373,-26.989655
2018-09-05 11:30:00,-34.761955,-28.359072
2018-09-05 12:00:00,-24.309021,-29.375378
2018-09-05 12:30:00,-27.197348,-31.164886
2018-09-05 13:00:00,-30.724707,-31.724073
2018-09-05 13:30:00,-27.622036,-29.312744
2018-09-05 14:00:00,-30.30503,-25.005613
2018-09-05 14:30:00,-15.456669,-24.956568
2018-09-05 15:00:00,-26.206541,-22.428387
2018-09-05 15:30:00,-21.767378,-16.956108
2018-09-05 16:00:00,-5.7638636,-15.384494
2018-09-05 16:30:00,-3.039268,-11.940654
2018-09-05 17:00:00,-0.31466845,-9.432416
2018-09-05 17:30:00,2.409927,-6.490966
2018-09-05 18:00:00,2.795705,-4.539534
2018-09-05 18:30:00,2.087452,-2.742996
2018-09-05 19:00:00,1.3792033,-1.9922208
2018-09-05 19:30:00,16.61022,-0.45946845
2018-09-05 20:00:00,-6.038446,0.36855692
2018-09-05 20:30:00,-32.644394,-0.35133597
2018-09-05 21:00:00,8.596544,-1.4412684
2018-09-05 21:30:00,57.797607,-2.9580245
2018-09-05 22:00:00,20.134872,-0.56903845
2018-09-05 22:30:00,-22.560333,-0.1655515
2018-09-05 23:00:00,-10.105836,-0.5887573
2018-09-05 23:30:00,2.3486557,-1.7526846
2018-09-06 00:00:00,3.111045,-3.7760746
2018-09-06 00:30:00,3.8734338,-4.9493527
2018-09-06 01:00:00,4.6358185,-4.7746663
2018-09-06 01:30:00,-29.245697,-4.2671757
2018-09-06 02:00:00,-17.66012,-3.0553734
2018-09-06 02:30:00,-6.074546,-3.8001847
2018-09-06 03:00:00,5.5110326,-4.6666913
2018-09-06 03:30:00,4.4180155,-7.677596
2018-09-06 04:00:00,3.3250027,-8.370535
2018-09-06 04:30:00,3.7459671,-9.574756
2018-09-06 05:00:00,15.446743,-11.328435
2018-09-06 05:30:00,27.147514,-12.729915
2018-09-06 06:00:00,10.02577,-11.291785
2018-09-06 06:30:00,1.1068491,-9.573899
2018-09-06 07:00:00,4.6351414,-10.532917
2018-09-06 07:30:00,1.3477135,-10.7591095
2018-09-06 08:00:00,0.8605624,-11.103715
2018-09-06 08:30:00,-0.5987718,-11.690033
2018-09-06 09:00:00,7.3446097,-12.101074
2018-09-06 09:30:00,60.56049,-13.523667
2018-09-06 10:00:00,45.363586,-14.457631
2018-09-06 10:30:00,16.12213,-14.644626
2018-09-06 11:00:00,-13.119328,-15.349976
2018-09-06 11:30:00,-8.193843,-17.110767
2018-09-06 12:00:00,-1.8314813,-16.383558
2018-09-06 12:30:00,4.53088,-15.35464
2018-09-06 13:00:00,10.893247,-15.734404
2018-09-06 13:30:00,-37.649773,-14.710988
2018-09-06 14:00:00,-31.505653,-14.738567
2018-09-06 14:30:00,-25.361536,-13.818163
2018-09-06 15:00:00,-19.217417,-13.388711
2018-09-06 15:30:00,-16.318274,-13.661732
2018-09-06 16:00:00,-10.67431,-10.877462
2018-09-06 16:30:00,-5.8106723,-7.677133
2018-09-06 17:00:00,-2.6934958,-4.1824718
2018-09-06 17:30:00,0.42368054,-2.617775
2018-09-06 18:00:00,3.048314,-1.412291
2018-09-06 18:30:00,2.8231838,-0.71902925
2018-09-06 19:00:00,2.5980535,-1.8783513
2018-09-06 19:30:00,2.9124975,0.11813242
2018-09-06 20:00:00,2.6978886,-0.855379
2018-09-06 20:30:00,2.6597836,-4.1848574
2018-09-06 21:00:00,1.8979884,-3.440579
2018-09-06 21:30:00,-7.74065,0.61655205
2018-09-06 22:00:00,-17.379286,1.2335513
2018-09-06 22:30:00,-27.017923,-1.3136051
2018-09-06 23:00:00,-36.65656,-1.8336922
2018-09-06 23:30:00,-16.045195,-0.33812743
2018-09-07 00:00:00,4.566171,-0.42575026
2018-09-07 00:30:00,4.0621676,0.35293216
2018-09-07 01:00:00,3.5581684,-0.1824259
2018-09-07 01:30:00,3.0541646,-0.86786216
2018-09-07 02:00:00,12.67697,-2.5107915
2018-09-07 02:30:00,8.196186,-1.9264534
2018-09-07 03:00:00,3.7154036,-2.6788497
2018-09-07 03:30:00,4.539728,1.541271
2018-09-07 04:00:00,3.7292762,2.2273364
2018-09-07 04:30:00,5.7664557,1.2245941
2018-09-07 05:00:00,6.1019206,0.98921764
2018-09-07 05:30:00,4.3800983,-0.38346374
2018-09-07 06:00:00,4.1565847,-5.0413623
2018-09-07 06:30:00,2.8795395,-8.946331
2018-09-07 07:00:00,1.7968382,-11.236749
2018-09-07 07:30:00,-1.7986108,-12.631513
2018-09-07 08:00:00,-4.086796,-13.312955
2018-09-07 08:30:00,-4.0671034,-15.529606
2018-09-07 09:00:00,-9.688524,-17.460585
2018-09-07 09:30:00,-18.443466,-13.825418
2018-09-07 10:00:00,-16.873852,-13.992449
2018-09-07 10:30:00,-15.5656395,-17.100319
2018-09-07 11:00:00,-27.748947,-22.810144
2018-09-07 11:30:00,-34.71548,-24.488956
2018-09-07 12:00:00,-31.322554,-25.062643
2018-09-07 12:30:00,-21.510105,-21.173773
2018-09-07 13:00:00,-23.71182,-18.540949
2018-09-07 13:30:00,-21.960396,-24.183556
2018-09-07 14:00:00,-24.272568,-26.402416
2018-09-07 14:30:00,-29.37377,-22.121992
2018-09-07 15:00:00,-27.93697,-21.193008
2018-09-07 15:30:00,-15.4528055,-22.329086
2018-09-07 16:00:00,-22.360142,-18.516123
2018-09-07 16:30:00,-9.979313,-18.417034
2018-09-07 17:00:00,-9.924679,-16.298073
2018-09-07 17:30:00,-5.495905,-13.099129
2018-09-07 18:00:00,-1.0671304,-11.889581
2018-09-07 18:30:00,3.3616486,-11.474231
2018-09-07 19:00:00,7.7904224,-9.832652
2018-09-07 19:30:00,-1.5566192,-6.3509197
2018-09-07 20:00:00,0.36523184,-7.484419
2018-09-07 20:30:00,2.287083,-7.549103
2018-09-07 21:00:00,4.2089295,-6.7149997
2018-09-07 21:30:00,1.5475017,-4.9933343
2018-09-07 22:00:00,6.3822403,-4.1228256
2018-09-07 22:30:00,5.638731,0.37628627
2018-09-07 23:00:00,3.328057,0.50113153
2018-09-07 23:30:00,0.9302053,1.5510058
2018-09-08 00:00:00,1.6122947,-0.3211438
2018-09-08 00:30:00,2.0663261,-0.5706202
2018-09-08 01:00:00,-6.9647427,0.61529803
2018-09-08 01:30:00,19.159788,0.581641
2018-09-08 02:00:00,15.220674,-1.2774968
2018-09-08 02:30:00,11.281554,0.20800106
2018-09-08 03:00:00,7.342438,0.16305801
2018-09-08 03:30:00,3.403319,-0.7922332
2018-09-08 04:00:00,-0.5357965,-2.592896
2018-09-08 04:30:00,-4.4749117,-0.909183
2018-09-08 05:00:00,-8.414032,-0.5608023
2018-09-08 05:30:00,-12.353147,2.1994295
2018-09-08 06:00:00,-16.292263,3.2306993
2018-09-08 06:30:00,-20.231382,2.976373
2018-09-08 07:00:00,-24.1705,-0.6721899
2018-09-08 07:30:00,-28.109617,-5.044731
2018-09-08 08:00:00,-8.7713175,-8.533935
2018-09-08 08:30:00,-13.126852,-10.256103
2018-09-08 09:00:00,-16.75075,-19.633064
2018-09-08 09:30:00,-20.14629,-26.21655
2018-09-08 10:00:00,-24.928358,-27.774546
2018-09-08 10:30:00,-15.707095,-29.02364
2018-09-08 11:00:00,-24.361376,-37.148098
2018-09-08 11:30:00,-30.395844,-36.97793
2018-09-08 12:00:00,-20.992565,-31.862894
2018-09-08 12:30:00,-30.825796,-29.038008
2018-09-08 13:00:00,-32.84758,-26.038645
2018-09-08 13:30:00,-27.467735,-23.968248
2018-09-08 14:00:00,-24.850885,-24.193697
2018-09-08 14:30:00,-23.41984,-27.006882
2018-09-08 15:00:00,-13.878226,-28.262815
2018-09-08 15:30:00,-16.636093,-27.926064
2018-09-08 16:00:00,-16.416225,-24.753992
2018-09-08 16:30:00,-11.271799,-20.157818
2018-09-08 17:00:00,-7.660097,-13.070177
2018-09-08 17:30:00,-3.261095,-11.068315
2018-09-08 18:00:00,-5.1613708,-8.92209
2018-09-08 18:30:00,-7.0616455,-4.1669865
2018-09-08 19:00:00,-2.0957348,-2.498195
2018-09-08 19:30:00,2.870176,-6.967032
2018-09-08 20:00:00,-15.360794,-5.9082966
2018-09-08 20:30:00,12.654869,-5.5940795
2018-09-08 21:00:00,46.45563,-6.8829527
2018-09-08 21:30:00,16.357038,-4.956601
2018-09-08 22:00:00,-8.332932,-3.530015
2018-09-08 22:30:00,-9.805405,2.1104476
2018-09-08 23:00:00,-11.277877,6.80282
2018-09-08 23:30:00,-6.48626,7.5048075
2018-09-09 00:00:00,-4.547731,7.4853334
2018-09-09 00:30:00,-2.6092024,2.854005
2018-09-09 01:00:00,-11.62507,1.722319
2018-09-09 01:30:00,-11.526375,1.7327355
2018-09-09 02:00:00,-11.42768,1.2243407
2018-09-09 02:30:00,-11.328985,5.023427
2018-09-09 03:00:00,-11.230295,3.2459962
2018-09-09 03:30:00,-11.1316,3.2643607
2018-09-09 04:00:00,-11.032906,0.6375992
2018-09-09 04:30:00,-10.934211,-0.34737733
2018-09-09 05:00:00,-10.835516,-5.135181
2018-09-09 05:30:00,-10.736826,-6.7263117
2018-09-09 06:00:00,-10.638131,-6.170103
2018-09-09 06:30:00,-10.539436,-9.270977
2018-09-09 07:00:00,-10.440742,-11.481139
2018-09-09 07:30:00,-10.3420515,-13.187415
2018-09-09 08:00:00,-10.243357,-16.07559
2018-09-09 08:30:00,-9.328407,-16.689869
2018-09-09 09:00:00,-16.629354,-19.189817
2018-09-09 09:30:00,-18.483486,-21.79935
2018-09-09 10:00:00,-24.191614,-23.828228
2018-09-09 10:30:00,-29.5177,-25.200851
2018-09-09 11:00:00,-25.695652,-30.780993
2018-09-09 11:30:00,-29.342117,-33.42823
2018-09-09 12:00:00,-26.231512,-32.411747
2018-09-09 12:30:00,-28.709269,-33.15045
2018-09-09 13:00:00,-30.85283,-32.390915
2018-09-09 13:30:00,-29.76879,-28.4354
2018-09-09 14:00:00,-25.573437,-27.78959
2018-09-09 14:30:00,-26.65287,-25.506708
2018-09-09 15:00:00,-23.216227,-23.843513
2018-09-09 15:30:00,-17.507757,-23.10634
2018-09-09 16:00:00,-19.468441,-20.652716
2018-09-09 16:30:00,-9.368291,-14.253854
2018-09-09 17:00:00,-9.397146,-12.352858
2018-09-09 17:30:00,-7.1937613,-8.551281
2018-09-09 18:00:00,-3.0806718,-5.175427
2018-09-09 18:30:00,1.0324173,-2.2059908
2018-09-09 19:00:00,2.8683803,-0.039242554
2018-09-09 19:30:00,4.704343,1.5170343
2018-09-09 20:00:00,4.5169597,-0.051249508
2018-09-09 20:30:00,3.2604852,1.0136117
2018-09-09 21:00:00,25.139242,1.6411192
2018-09-09 21:30:00,47.018,1.7608566
2018-09-09 22:00:00,37.055603,-0.69467455
2018-09-09 22:30:00,27.093203,-1.5479066
2018-09-09 23:00:00,17.130796,-0.7392375
2018-09-09 23:30:00,7.1683984,-3.2875297
2018-09-10 00:00:00,-2.3194363,-1.8638276
2018-09-10 00:30:00,1.0099895,-2.814439
2018-09-10 01:00:00,4.33942,-4.749717
2018-09-10 01:30:00,3.6383502,-7.436863
2018-09-10 02:00:00,3.4113193,-11.775073
2018-09-10 02:30:00,3.1842926,-11.037275
2018-09-10 03:00:00,4.3227377,-10.500925
2018-09-10 03:30:00,3.7764783,-7.7680507
2018-09-10 04:00:00,5.034027,-7.7411833
2018-09-10 04:30:00,6.2915764,-5.7917795
2018-09-10 05:00:00,3.7388625,-2.89674
2018-09-10 05:30:00,3.4441636,-4.726918
2018-09-10 06:00:00,4.3473635,-6.007066
2018-09-10 06:30:00,4.274889,-3.7689264
2018-09-10 07:00:00,-2.962442,-4.208797
2018-09-10 07:30:00,-5.222878,-6.7832093
2018-09-10 08:00:00,-11.257101,-8.63291
2018-09-10 08:30:00,-5.732461,-8.853968
2018-09-10 09:00:00,-13.86599,-12.675739
2018-09-10 09:30:00,-20.078234,-14.0308075
2018-09-10 10:00:00,-20.055426,-17.824091
2018-09-10 10:30:00,-8.314139,-19.880083
2018-09-10 11:00:00,-20.927576,-18.824736
2018-09-10 11:30:00,-21.376194,-20.42573
2018-09-10 12:00:00,-8.167479,-19.439415
2018-09-10 12:30:00,-16.766808,-20.889523
2018-09-10 13:00:00,-12.69271,-20.308756
2018-09-10 13:30:00,-15.485391,-20.185005
2018-09-10 14:00:00,-15.247851,-20.356867
2018-09-10 14:30:00,-13.125812,-19.49404
2018-09-10 15:00:00,-13.961298,-18.143528
2018-09-10 15:30:00,-9.10753,-15.799614
2018-09-10 16:00:00,-10.154952,-13.441379
2018-09-10 16:30:00,-3.1729,-12.240898
2018-09-10 17:00:00,-0.9561185,-8.398333
2018-09-10 17:30:00,0.5169704,-5.090924
2018-09-10 18:00:00,1.9900548,-0.73122406
2018-09-10 18:30:00,3.4631395,2.8659291
2018-09-10 19:00:00,3.3324482,6.6379166
2018-09-10 19:30:00,5.610977,6.5616803
2018-09-10 20:00:00,7.8895106,6.288946
2018-09-10 20:30:00,3.1761394,4.3627653
2018-09-10 21:00:00,-25.295567,3.3693867
2018-09-10 21:30:00,9.136818,2.7300818
2018-09-10 22:00:00,1.4077046,1.6166683
2018-09-10 22:30:00,0.72243434,0.17341335
2018-09-10 23:00:00,8.131445,-0.18781768
2018-09-10 23:30:00,15.540453,0.1451743
2018-09-11 00:00:00,1.6130811,2.0482066
2018-09-11 00:30:00,2.4912448,1.2501854
2018-09-11 01:00:00,13.518482,1.6124432
2018-09-11 01:30:00,7.3113985,3.0118084
2018-09-11 02:00:00,8.813675,2.4955442
2018-09-11 02:30:00,10.315947,2.142108
2018-09-11 03:00:00,11.818218,1.24908
2018-09-11 03:30:00,2.6046205,-0.06557658
2018-09-11 04:00:00,4.064077,0.20800981
2018-09-11 04:30:00,4.98499,-0.3832715
2018-09-11 05:00:00,4.063072,-0.5403013
2018-09-11 05:30:00,2.581865,-0.2650895
2018-09-11 06:00:00,5.999674,-2.5047314
2018-09-11 06:30:00,1.7915732,-4.1716576
2018-09-11 07:00:00,-4.915809,-5.9743786
2018-09-11 07:30:00,-17.39398,-9.132342
2018-09-11 08:00:00,-9.964532,-14.134942
2018-09-11 08:30:00,-13.994134,-17.167877
2018-09-11 09:00:00,-18.660158,-20.709454
2018-09-11 09:30:00,-26.800356,-24.344803
2018-09-11 10:00:00,-28.765049,-26.665617
2018-09-11 10:30:00,-30.559101,-26.569519
2018-09-11 11:00:00,-29.186947,-25.447145
2018-09-11 11:30:00,-33.601494,-25.282167
2018-09-11 12:00:00,-30.241533,-25.214731
2018-09-11 12:30:00,-29.792513,-24.678268
2018-09-11 13:00:00,-28.06138,-23.268553
2018-09-11 13:30:00,-28.377012,-21.753386
2018-09-11 14:00:00,-33.88688,-21.650427
2018-09-11 14:30:00,-31.526667,-18.291742
2018-09-11 15:00:00,-21.161425,-18.261732
2018-09-11 15:30:00,-10.873849,-18.460953
2018-09-11 16:00:00,-22.36544,-19.308048
2018-09-11 16:30:00,-13.758851,-18.80796
2018-09-11 17:00:00,-7.505654,-16.822975
2018-09-11 17:30:00,-4.0312443,-16.12479
2018-09-11 18:00:00,-1.7363782,-15.02051
2018-09-11 18:30:00,0.5584835,-10.782119
2018-09-11 19:00:00,2.8533454,-6.9129963
2018-09-11 19:30:00,5.1482067,-3.8799164
2018-09-11 20:00:00,3.2338932,-1.6381335
2018-09-11 20:30:00,7.7121983,-1.5447302
2018-09-11 21:00:00,-11.770385,-4.563762
2018-09-11 21:30:00,-31.252966,-2.9783025
2018-09-11 22:00:00,-12.943864,-1.1903983
2018-09-11 22:30:00,5.3652363,-1.2008542
2018-09-11 23:00:00,2.386337,-0.5046562
2018-09-11 23:30:00,2.2806249,1.2343072
2018-09-12 00:00:00,-6.3439813,1.583138
2018-09-12 00:30:00,5.539215,0.3057607
2018-09-12 01:00:00,5.559104,1.7899653
2018-09-12 01:30:00,2.2033532,2.9660175
2018-09-12 02:00:00,0.7473964,5.1288595
2018-09-12 02:30:00,-0.7085647,4.9671717
2018-09-12 03:00:00,-2.1645257,4.7882867
2018-09-12 03:30:00,3.0194678,5.620183
2018-09-12 04:00:00,8.203465,3.5736096
2018-09-12 04:30:00,-13.910795,2.9772205
2018-09-12 05:00:00,-11.060101,3.7711957
2018-09-12 05:30:00,-37.254337,2.8823316
2018-09-12 06:00:00,-15.744525,1.4062364
2018-09-12 06:30:00,5.7652845,-0.15340473
2018-09-12 07:00:00,-0.2560406,-4.4947486
2018-09-12 07:30:00,-6.2773705,-4.095207
2018-09-12 08:00:00,-8.577694,-5.998314
2018-09-12 08:30:00,-9.0335,-8.403104
2018-09-12 09:00:00,-11.998469,-14.307225
2018-09-12 09:30:00,-12.096386,-17.04208
2018-09-12 10:00:00,-13.797592,-19.994356
2018-09-12 10:30:00,-30.437769,-20.435524
2018-09-12 11:00:00,-34.93518,-24.648533
2018-09-12 11:30:00,-28.82203,-24.605633
2018-09-12 12:00:00,-15.040244,-26.318754
2018-09-12 12:30:00,-25.141302,-26.389977
2018-09-12 13:00:00,-14.375588,-23.056545
2018-09-12 13:30:00,-5.690839,-21.301132
2018-09-12 14:00:00,-2.732265,-21.58537
2018-09-12 14:30:00,-1.0311445,-18.727987
2018-09-12 15:00:00,-5.607022,-15.453313
2018-09-12 15:30:00,-13.708213,-12.703249
2018-09-12 16:00:00,-7.151108,-13.622598
2018-09-12 16:30:00,-1.516596,-9.9669695
2018-09-12 17:00:00,1.3859278,-6.269012
2018-09-12 17:30:00,4.2884517,-5.697305
2018-09-12 18:00:00,2.6147268,-3.166726
2018-09-12 18:30:00,8.058359,-1.2585994
2018-09-12 19:00:00,13.501993,1.467215
2018-09-12 19:30:00,13.556155,3.048253
2018-09-12 20:00:00,13.610317,3.069986
2018-09-12 20:30:00,13.66448,3.7696228
2018-09-12 21:00:00,13.718642,2.8553202
2018-09-12 21:30:00,13.772804,-1.2936459
2018-09-12 22:00:00,13.826967,-1.7991177
2018-09-12 22:30:00,13.881125,-0.3842808
2018-09-12 23:00:00,13.935287,0.7811627
2018-09-12 23:30:00,13.9894495,1.3751836
2018-09-13 00:00:00,14.0436125,-1.00949
2018-09-13 00:30:00,14.0977745,0.08004923
2018-09-13 01:00:00,14.151937,0.8857298
2018-09-13 01:30:00,14.2060995,1.6919085
2018-09-13 02:00:00,15.703058,0.4040185
2018-09-13 02:30:00,17.200022,-0.8861173
2018-09-13 03:00:00,19.074808,-2.0796382
2018-09-13 03:30:00,20.949602,-3.227141
2018-09-13 04:00:00,22.82439,-2.4877083
2018-09-13 04:30:00,24.699179,-2.0761428
2018-09-13 05:00:00,26.573967,-4.2202926
2018-09-13 05:30:00,28.448765,-7.3748837
2018-09-13 06:00:00,30.323555,-5.783478
2018-09-13 06:30:00,32.19834,-2.9317954
2018-09-13 07:00:00,34.07313,-5.4761076
2018-09-13 07:30:00,35.94792,-6.095479
2018-09-13 08:00:00,37.822712,-6.2311735
2018-09-13 08:30:00,39.69751,-6.9677706
2018-09-13 09:00:00,41.572296,-9.513458
2018-09-13 09:30:00,43.447086,-10.625115
2018-09-13 10:00:00,45.321877,-11.929084
2018-09-13 10:30:00,47.196663,-10.884265
2018-09-13 11:00:00,49.071453,-12.954927
2018-09-13 11:30:00,50.94625,-12.399802
2018-09-13 12:00:00,52.821037,-11.809962
2018-09-13 12:30:00,54.695827,-10.802052
2018-09-13 13:00:00,56.570618,-9.6865015
2018-09-13 13:30:00,58.445404,-8.539449
2018-09-13 14:00:00,45.450623,-7.2413173
2018-09-13 14:30:00,32.45583,-6.061722
2018-09-13 15:00:00,19.46104,-5.8042274
2018-09-13 15:30:00,6.4662538,-5.8832254
2018-09-13 16:00:00,-6.5285335,-4.2113047
2018-09-13 16:30:00,-7.008978,-1.6609066
2018-09-13 17:00:00,1.0329068,-0.06657716
2018-09-13 17:30:00,-22.21473,0.23958267
2018-09-13 18:00:00,25.78026,2.428466
2018-09-13 18:30:00,4.081952,2.0135794
2018-09-13 19:00:00,4.9068356,1.662813
2018-09-13 19:30:00,2.8474512,0.83543867
2018-09-13 20:00:00,4.662725,-0.34117287
2018-09-13 20:30:00,6.3306603,-0.92896307
2018-09-13 21:00:00,2.2779422,2.016944
2018-09-13 21:30:00,2.3807704,0.862546
2018-09-13 22:00:00,2.4835985,2.678196
2018-09-13 22:30:00,2.5864265,1.8932346
2018-09-13 23:00:00,2.6892548,-1.1118944
2018-09-13 23:30:00,2.7920828,-3.2452168
2018-09-14 00:00:00,1.9123286,2.0693147
2018-09-14 00:30:00,2.48113,4.7492595
2018-09-14 01:00:00,1.5168071,4.442462
2018-09-14 01:30:00,4.140506,6.6968155
2018-09-14 02:00:00,2.334674,6.4874716
2018-09-14 02:30:00,-4.7877307,6.586909
2018-09-14 03:00:00,-11.910134,4.8279777
2018-09-14 03:30:00,2.5316482,5.1671433
2018-09-14 04:00:00,4.6535187,5.9695644
2018-09-14 04:30:00,5.2712083,5.878258
2018-09-14 05:00:00,4.941515,6.619343
2018-09-14 05:30:00,4.611822,8.4899845
2018-09-14 06:00:00,-12.530812,3.361312
2018-09-14 06:30:00,-9.102671,-0.50620294
2018-09-14 07:00:00,-5.674528,0.18035623
2018-09-14 07:30:00,-2.2463853,2.812055
2018-09-14 08:00:00,-4.347628,0.7403137
2018-09-14 08:30:00,-9.272497,-3.9527795
2018-09-14 09:00:00,-12.5393505,-5.321935
2018-09-14 09:30:00,-15.806201,-5.7110515
2018-09-14 10:00:00,-17.43165,-11.07784
2018-09-14 10:30:00,-8.128656,-8.508269
2018-09-14 11:00:00,-11.733193,-7.5312147
2018-09-14 11:30:00,-22.675137,-6.869377
2018-09-14 12:00:00,-17.68321,-9.581834
2018-09-14 12:30:00,-24.10699,-11.911978
2018-09-14 13:00:00,-21.801245,-6.270196
2018-09-14 13:30:00,-24.407295,-7.2932863
2018-09-14 14:00:00,-13.7011385,-8.415224
2018-09-14 14:30:00,-15.358369,-9.610645
2018-09-14 15:00:00,-12.058311,-3.384612
2018-09-14 15:30:00,-13.260538,-7.7049136
2018-09-14 16:00:00,-15.539182,-4.797199
2018-09-14 16:30:00,-11.275846,-4.3255324
2018-09-14 17:00:00,-7.5935607,-1.2287699
2018-09-14 17:30:00,-4.282595,4.58738
2018-09-14 18:00:00,-1.9701817,7.1616654
2018-09-14 18:30:00,2.8698745,8.876147
2018-09-14 19:00:00,2.6967175,7.79262
2018-09-14 19:30:00,13.64023,7.6628857
2018-09-14 20:00:00,-4.9208603,8.107606
2018-09-14 20:30:00,-0.8669009,8.329425
2018-09-14 21:00:00,-11.675055,9.830792
2018-09-14 21:30:00,-9.929633,12.193781
2018-09-14 22:00:00,-7.7426906,15.016319
2018-09-14 22:30:00,-5.5557475,15.716957
2018-09-14 23:00:00,2.5465477,17.238304
2018-09-14 23:30:00,-6.368345,16.584795
2018-09-15 00:00:00,-15.283238,16.31719
2018-09-15 00:30:00,-24.198133,15.375859
2018-09-15 01:00:00,-25.617043,15.689963
2018-09-15 01:30:00,-9.692767,14.839169
2018-09-15 02:00:00,6.2315025,15.059842
2018-09-15 02:30:00,-26.260326,11.167501
2018-09-15 03:00:00,-15.316417,6.930086
2018-09-15 03:30:00,14.465922,5.846852
2018-09-15 04:00:00,-25.618986,3.3626404
2018-09-15 04:30:00,-5.845981,2.2569606
2018-09-15 05:00:00,13.92703,0.39755186
2018-09-15 05:30:00,7.0207543,2.8358898
2018-09-15 06:00:00,0.37922683,0.96383613
2018-09-15 06:30:00,-6.2623053,0.61369014
2018-09-15 07:00:00,7.913717,0.30733368
2018-09-15 07:30:00,-10.386444,-3.4590526
2018-09-15 08:00:00,-8.259173,-7.1140385
2018-09-15 08:30:00,-11.486115,-12.139687
2018-09-15 09:00:00,-20.976906,-14.728288
2018-09-15 09:30:00,-21.814157,-18.034756
2018-09-15 10:00:00,-24.185465,-17.065449
2018-09-15 10:30:00,-31.803652,-17.604036
2018-09-15 11:00:00,-31.756128,-20.049526
2018-09-15 11:30:00,-31.671175,-21.85867
2018-09-15 12:00:00,-11.74281,-21.786243
2018-09-15 12:30:00,-25.983524,-20.687979
2018-09-15 13:00:00,-37.269836,-15.708664
2018-09-15 13:30:00,-25.92093,-14.598882
2018-09-15 14:00:00,-19.033085,-11.485128
2018-09-15 14:30:00,-20.53378,-8.764592
2018-09-15 15:00:00,-21.522205,-5.5005407
2018-09-15 15:30:00,-13.416297,-5.281641
2018-09-15 16:00:00,-11.893316,-4.1541405
2018-09-15 16:30:00,-8.716928,0.23540996
2018-09-15 17:00:00,-7.4587536,4.394185
2018-09-15 17:30:00,-3.3032637,8.5816145
2018-09-15 18:00:00,0.8522213,12.258827
2018-09-15 18:30:00,3.4365566,14.091876
2018-09-15 19:00:00,4.240323,16.378902
2018-09-15 19:30:00,1.3694903,18.745443
2018-09-15 20:00:00,2.2877643,14.263661
2018-09-15 20:30:00,3.7081068,14.741042
2018-09-15 21:00:00,-29.148098,9.670831
2018-09-15 21:30:00,4.3989,5.981611
2018-09-15 22:00:00,3.716675,4.882944
2018-09-15 22:30:00,2.9063804,1.497263
2018-09-15 23:00:00,2.2904253,2.361209
2018-09-15 23:30:00,6.885252,1.2644207
2018-09-16 00:00:00,11.48008,-3.7066107
2018-09-16 00:30:00,16.074905,-7.719581
2018-09-16 01:00:00,6.2136927,-11.92437
2018-09-16 01:30:00,4.970864,-9.604659
2018-09-16 02:00:00,4.810736,-12.523729
2018-09-16 02:30:00,2.9645538,-20.205963
2018-09-16 03:00:00,4.4586287,-23.504978
2018-09-16 03:30:00,3.228414,-17.516117
2018-09-16 04:00:00,2.9449356,-22.703854
2018-09-16 04:30:00,2.80828,-25.158598
2018-09-16 05:00:00,3.3974116,-16.637665
2018-09-16 05:30:00,4.8450313,-13.207803
2018-09-16 06:00:00,5.04963,-18.757957
2018-09-16 06:30:00,4.082804,-20.615923
2018-09-16 07:00:00,2.6552875,-25.612438
2018-09-16 07:30:00,2.3299243,-26.979263
2018-09-16 08:00:00,-0.734169,-30.262749
2018-09-16 08:30:00,-1.7017686,-39.530373
2018-09-16 09:00:00,-5.906326,-44.736168
2018-09-16 09:30:00,-3.7482069,-51.529034
2018-09-16 10:00:00,-9.521415,-50.274754
2018-09-16 10:30:00,-10.013769,-41.895115
2018-09-16 11:00:00,-8.716455,-41.523014
2018-09-16 11:30:00,-16.039217,-33.520256
2018-09-16 12:00:00,-7.670815,-30.749435
2018-09-16 12:30:00,-10.681681,-24.83941
2018-09-16 13:00:00,-9.774557,-24.010248
2018-09-16 13:30:00,-4.3230944,-19.40424
2018-09-16 14:00:00,-4.9214544,-14.292099
2018-09-16 14:30:00,-3.7217069,-11.498206
2018-09-16 15:00:00,-3.5432236,-8.79135
2018-09-16 15:30:00,-3.147916,-5.3899612
2018-09-16 16:00:00,-2.0752995,-3.7381575
2018-09-16 16:30:00,-1.3450162,-2.093821
2018-09-16 17:00:00,-1.8732042,-0.51789093
2018-09-16 17:30:00,-0.01056219,1.0022033
2018-09-16 18:00:00,1.0416279,1.1370194
2018-09-16 18:30:00,3.3282492,1.695098
2018-09-16 19:00:00,3.8898628,2.7336473
2018-09-16 19:30:00,4.5425463,3.2206323
2018-09-16 20:00:00,4.0876365,3.2437198
2018-09-16 20:30:00,3.0626326,2.834601
2018-09-16 21:00:00,4.406485,-0.3266754
2018-09-16 21:30:00,3.1129236,1.9729009
2018-09-16 22:00:00,4.2076797,1.8474046
2018-09-16 22:30:00,4.426322,1.0834075
2018-09-16 23:00:00,3.8815653,0.28435534
2018-09-16 23:30:00,3.3886423,-0.3499815
2018-09-17 00:00:00,3.6491687,2.5616174
2018-09-17 00:30:00,3.2114522,2.3979769
2018-09-17 01:00:00,3.7866545,2.5169365
2018-09-17 01:30:00,3.313376,0.8346522
2018-09-17 02:00:00,2.5060875,2.4545903
2018-09-17 02:30:00,3.0457711,1.8461462
2018-09-17 03:00:00,2.7487915,2.7865293
2018-09-17 03:30:00,-18.3069,5.055411
2018-09-17 04:00:00,-39.36259,6.9773273
2018-09-17 04:30:00,40.938698,7.16998
2018-09-17 05:00:00,12.640131,3.7857544
2018-09-17 05:30:00,13.443724,2.6886342
2018-09-17 06:00:00,14.247311,0.55490935
2018-09-17 06:30:00,15.050899,1.5143471
2018-09-17 07:00:00,15.854486,-1.8280864
2018-09-17 07:30:00,16.658077,-6.461783
2018-09-17 08:00:00,17.461666,-5.4275246
2018-09-17 08:30:00,54.002483,-4.546822
2018-09-17 09:00:00,7.264096,-4.958214
2018-09-17 09:30:00,-39.47429,-4.7287445
2018-09-17 10:00:00,-16.425962,-5.307595
2018-09-17 10:30:00,55.01298,-6.992811
2018-09-17 11:00:00,-20.474878,-6.9743505
2018-09-17 11:30:00,-16.988775,-7.899336
2018-09-17 12:00:00,-21.966621,-7.9632244
2018-09-17 12:30:00,-23.021513,-8.76759
2018-09-17 13:00:00,-14.05182,-9.323925
2018-09-17 13:30:00,-15.322132,-8.744664
2018-09-17 14:00:00,-11.547151,-9.664301
2018-09-17 14:30:00,-9.504593,-10.207157
2018-09-17 15:00:00,-7.2935615,-10.629043
2018-09-17 15:30:00,-7.2085166,-9.842762
2018-09-17 16:00:00,-5.847519,-9.892695
2018-09-17 16:30:00,-3.1520758,-8.440964
2018-09-17 17:00:00,0.9279551,-6.9330473
2018-09-17 17:30:00,1.2260666,-4.3269567
2018-09-17 18:00:00,2.5091155,-3.9386404
2018-09-17 18:30:00,4.2681518,-0.49215987
2018-09-17 19:00:00,3.2995558,-2.1714556
2018-09-17 19:30:00,3.720057,-5.2457776
2018-09-17 20:00:00,3.8488827,-2.832432
2018-09-17 20:30:00,2.8987691,-2.9053564
2018-09-17 21:00:00,4.3916903,-0.011549662
2018-09-17 21:30:00,4.214592,0.06995168
2018-09-17 22:00:00,3.8344724,0.17353569
2018-09-17 22:30:00,2.6586475,-0.19621992
2018-09-17 23:00:00,3.938524,0.22524686
2018-09-17 23:30:00,3.2450876,-2.6667292
2018-09-18 00:00:00,3.808536,-5.499964
2018-09-18 00:30:00,3.5428581,-3.5242257
2018-09-18 01:00:00,4.9641266,-2.0234878
2018-09-18 01:30:00,4.891923,-3.0039418
2018-09-18 02:00:00,2.5707102,-4.3258386
2018-09-18 02:30:00,4.4974985,-0.8270219
2018-09-18 03:00:00,3.920837,1.1979455
2018-09-18 03:30:00,3.1359282,-3.433693
2018-09-18 04:00:00,4.0048985,-3.4228482
2018-09-18 04:30:00,3.3756871,4.7477784
2018-09-18 05:00:00,3.0935063,2.407917
2018-09-18 05:30:00,4.4073195,2.1325042
2018-09-18 06:00:00,4.167041,0.5451701
2018-09-18 06:30:00,3.315329,2.9347987
2018-09-18 07:00:00,1.6620003,-2.1275043
2018-09-18 07:30:00,-0.6306156,-3.2907674
2018-09-18 08:00:00,-2.923227,-2.9605412
2018-09-18 08:30:00,-10.930226,-7.3256545
2018-09-18 09:00:00,-9.210453,-4.3092566
2018-09-18 09:30:00,-11.599662,-16.349741
2018-09-18 10:00:00,-7.640614,-12.874143
2018-09-18 10:30:00,-4.299286,-8.139947
2018-09-18 11:00:00,-4.785769,-9.999552
2018-09-18 11:30:00,-8.308359,-8.918677
2018-09-18 12:00:00,-18.37727,-7.6500125
2018-09-18 12:30:00,-21.628714,-14.341393
2018-09-18 13:00:00,-17.618237,-11.336571
2018-09-18 13:30:00,-13.987182,-8.749806
2018-09-18 14:00:00,-16.42195,-6.6754045
2018-09-18 14:30:00,-17.550365,-3.3833013
2018-09-18 15:00:00,-9.324357,-4.836156
2018-09-18 15:30:00,-9.556042,-3.0866187
2018-09-18 16:00:00,-9.010766,1.1653109
2018-09-18 16:30:00,-12.821745,1.3393418
2018-09-18 17:00:00,-2.4547112,2.3373303
2018-09-18 17:30:00,-0.1450156,5.47305
2018-09-18 18:00:00,1.4146256,6.7438426
2018-09-18 18:30:00,2.154032,6.551347
2018-09-18 19:00:00,2.8288465,7.8760095
2018-09-18 19:30:00,3.5036652,7.136144
2018-09-18 20:00:00,2.6407988,5.683285
2018-09-18 20:30:00,2.4601746,7.112471
2018-09-18 21:00:00,-6.761686,5.5625777
2018-09-18 21:30:00,5.3647556,5.5519514
2018-09-18 22:00:00,1.8281446,5.6353054
2018-09-18 22:30:00,-6.087894,6.6309476
2018-09-18 23:00:00,-14.00393,7.499149
2018-09-18 23:30:00,-21.91997,6.162921
2018-09-19 00:00:00,48.44938,5.081028
2018-09-19 00:30:00,38.43981,6.2494035
2018-09-19 01:00:00,23.799015,5.040363
2018-09-19 01:30:00,9.158223,6.262066
2018-09-19 02:00:00,-5.4825654,6.913054
2018-09-19 02:30:00,3.2142968,3.5866127
2018-09-19 03:00:00,10.626541,3.5855598
2018-09-19 03:30:00,18.03879,5.9341817
2018-09-19 04:00:00,25.451038,5.2825117
2018-09-19 04:30:00,16.164394,5.5115004
2018-09-19 05:00:00,10.414126,6.961427
2018-09-19 05:30:00,6.3877892,6.7640424
2018-09-19 06:00:00,2.3614535,6.721498
2018-09-19 06:30:00,2.1347413,6.513255
2018-09-19 07:00:00,1.9624931,6.3679614
2018-09-19 07:30:00,-2.0444694,3.352713
2018-09-19 08:00:00,-6.0514317,0.7630212
2018-09-19 08:30:00,-7.4319606,1.7082585
2018-09-19 09:00:00,-2.6446989,-6.8477445
2018-09-19 09:30:00,-6.5964503,-6.939588
2018-09-19 10:00:00,-14.891382,-11.4053135
2018-09-19 10:30:00,-20.1435,-11.467992
2018-09-19 11:00:00,-21.534616,-13.73378
2018-09-19 11:30:00,-23.994886,-15.215114
2018-09-19 12:00:00,-23.753712,-15.896128
2018-09-19 12:30:00,-17.869402,-17.720188
2018-09-19 13:00:00,-14.043387,-17.158562
2018-09-19 13:30:00,-23.558203,-16.879332
2018-09-19 14:00:00,-18.533405,-17.062862
2018-09-19 14:30:00,-23.777437,-16.666382
2018-09-19 15:00:00,-18.416286,-11.2153
2018-09-19 15:30:00,-7.416904,-11.801989
2018-09-19 16:00:00,-12.430235,-10.994696
2018-09-19 16:30:00,-1.7134042,-8.546112
2018-09-19 17:00:00,5.391256,-4.5105524
2018-09-19 17:30:00,2.5854654,-2.8385491
2018-09-19 18:00:00,22.332823,-0.98596984
2018-09-19 18:30:00,42.08019,1.7578943
2018-09-19 19:00:00,61.82755,3.434219
2018-09-19 19:30:00,47.385124,3.7539456
2018-09-19 20:00:00,32.942696,2.3946693
2018-09-19 20:30:00,18.50027,4.0356326
2018-09-19 21:00:00,4.0578465,5.5629625
2018-09-19 21:30:00,5.273847,6.245021
2018-09-19 22:00:00,6.489853,5.922804
2018-09-19 22:30:00,7.705854,3.4848857
2018-09-19 23:00:00,5.6501393,-0.8666038
2018-09-19 23:30:00,3.594421,0.565055
2018-09-20 00:00:00,1.5387018,6.0977526
2018-09-20 00:30:00,-0.5170127,10.37686
2018-09-20 01:00:00,-2.5727315,8.320008
2018-09-20 01:30:00,-4.628446,9.131972
2018-09-20 02:00:00,-6.684165,9.573233
2018-09-20 02:30:00,-8.739884,8.460413
2018-09-20 03:00:00,-10.795598,3.034529
2018-09-20 03:30:00,-12.851316,5.0356483
2018-09-20 04:00:00,-14.907034,7.072011
2018-09-20 04:30:00,-10.193088,4.9844613
2018-09-20 05:00:00,-5.479144,3.7350612
2018-09-20 05:30:00,-0.7651957,5.827111
2018-09-20 06:00:00,3.9487484,5.62367
2018-09-20 06:30:00,-3.505123,3.9152136
2018-09-20 07:00:00,46.747925,3.1215093
2018-09-20 07:30:00,37.417255,0.45704484
2018-09-20 08:00:00,28.086582,-1.9725456
2018-09-20 08:30:00,18.755907,-4.728032
2018-09-20 09:00:00,9.425239,-5.171337
2018-09-20 09:30:00,0.094572924,-4.315374
2018-09-20 10:00:00,-9.236096,-6.5368266
2018-09-20 10:30:00,-5.961738,-7.931538
2018-09-20 11:00:00,-8.12049,-9.803412
2018-09-20 11:30:00,-12.392641,-11.746542
2018-09-20 12:00:00,-9.7192545,-12.6798725
2018-09-20 12:30:00,-8.351445,-11.683182
2018-09-20 13:00:00,-15.275487,-10.649256
2018-09-20 13:30:00,-11.8484125,-10.723023
2018-09-20 14:00:00,-9.923242,-8.886301
2018-09-20 14:30:00,-3.1844044,-9.120183
2018-09-20 15:00:00,-2.6061394,-4.1554995
2018-09-20 15:30:00,-40.024334,-4.7108607
2018-09-20 16:00:00,-28.424145,-1.8165251
2018-09-20 16:30:00,-16.823952,1.4719251
2018-09-20 17:00:00,-5.2237606,3.2629101
2018-09-20 17:30:00,6.3764334,3.4661674
2018-09-20 18:00:00,17.976624,7.3903656
2018-09-20 18:30:00,10.529193,9.452814
2018-09-20 19:00:00,3.0817616,12.211914
2018-09-20 19:30:00,2.3231387,12.701468
2018-09-20 20:00:00,2.1163507,12.539422
2018-09-20 20:30:00,26.489159,13.414527
2018-09-20 21:00:00,-31.2065,10.030755
2018-09-20 21:30:00,-20.057098,8.079861
2018-09-20 22:00:00,-8.907693,8.346404
2018-09-20 22:30:00,2.241707,8.141176
2018-09-20 23:00:00,3.073617,8.405552
2018-09-20 23:30:00,6.5356436,6.564835
2018-09-21 00:00:00,-8.284385,6.173268
2018-09-21 00:30:00,-2.2564435,5.1951556
2018-09-21 01:00:00,-4.2222414,2.854311
2018-09-21 01:30:00,-6.188035,1.8674817
2018-09-21 02:00:00,-8.153832,1.6301565
2018-09-21 02:30:00,-10.11963,2.6406589
2018-09-21 03:00:00,-3.2615016,2.8870068
2018-09-21 03:30:00,60.08334,2.9467664
2018-09-21 04:00:00,13.628131,1.4941826
2018-09-21 04:30:00,4.783052,1.1614528
2018-09-21 05:00:00,13.076864,1.0856228
2018-09-21 05:30:00,1.3051561,-0.6400315
2018-09-21 06:00:00,2.4598904,-2.3426418
2018-09-21 06:30:00,2.4703245,-3.2074964
2018-09-21 07:00:00,0.8025724,2.3087854
2018-09-21 07:30:00,-1.1299834,4.539977
2018-09-21 08:00:00,-4.9296336,2.5081587
2018-09-21 08:30:00,-6.842475,2.7416432
2018-09-21 09:00:00,-9.238745,2.5107977
2018-09-21 09:30:00,-12.364852,-2.9247212
2018-09-21 10:00:00,-9.1108675,-4.278291
2018-09-21 10:30:00,-15.86245,-5.1148634
2018-09-21 11:00:00,-13.453513,-8.620413
2018-09-21 11:30:00,-14.208835,-9.927444
2018-09-21 12:00:00,-18.932917,-10.567794
2018-09-21 12:30:00,-18.046679,-10.753106
2018-09-21 13:00:00,-5.857778,-10.391596
2018-09-21 13:30:00,-12.230953,-13.829298
2018-09-21 14:00:00,-13.105914,-15.977713
2018-09-21 14:30:00,-17.393131,-13.340334
2018-09-21 15:00:00,-7.7705717,-12.745124
2018-09-21 15:30:00,-10.488297,-12.582716
2018-09-21 16:00:00,-10.897102,-9.126702
2018-09-21 16:30:00,-9.639946,-5.9781013
2018-09-21 17:00:00,-3.631681,-4.3876557
2018-09-21 17:30:00,-1.3261538,3.63565
2018-09-21 18:00:00,-1.2655292,2.8134139
2018-09-21 18:30:00,-10.038762,2.0472322
2018-09-21 19:00:00,-7.981934,2.6704273
2018-09-21 19:30:00,-5.4420485,3.895486
2018-09-21 20:00:00,-2.9021623,5.38499
2018-09-21 20:30:00,-47.892197,6.812376
2018-09-21 21:00:00,3.9192946,3.5690393
2018-09-21 21:30:00,5.438261,1.7620757
2018-09-21 22:00:00,7.4528775,1.7182075
2018-09-21 22:30:00,6.3310795,3.8620255
2018-09-21 23:00:00,5.2092857,6.0781035
2018-09-21 23:30:00,4.0874925,7.6230025
2018-09-22 00:00:00,2.9656942,8.425965
2018-09-22 00:30:00,1.8439004,7.235232
2018-09-22 01:00:00,0.7221023,7.0552106
2018-09-22 01:30:00,-0.3996915,5.4938874
2018-09-22 02:00:00,-1.5214852,7.3550134
2018-09-22 02:30:00,-2.6432831,8.37345
2018-09-22 03:00:00,-3.7650769,7.137586
2018-09-22 03:30:00,-4.886871,8.42857
2018-09-22 04:00:00,-6.008669,6.7946186
2018-09-22 04:30:00,-7.1304626,7.9736423
2018-09-22 05:00:00,5.2941036,9.635072
2018-09-22 05:30:00,-6.522766,9.142913
2018-09-22 06:00:00,5.4783587,7.8336134
2018-09-22 06:30:00,-11.180834,6.7465124
2018-09-22 07:00:00,-7.776872,2.7470918
2018-09-22 07:30:00,-4.372914,-2.3019152
2018-09-22 08:00:00,-0.9689513,-6.008442
2018-09-22 08:30:00,-6.223182,-8.576816
2018-09-22 09:00:00,-10.995963,-12.500567
2018-09-22 09:30:00,-13.121299,-18.94374
2018-09-22 10:00:00,-22.255127,-19.822033
2018-09-22 10:30:00,-20.813519,-18.939758
2018-09-22 11:00:00,-22.163282,-17.36598
2018-09-22 11:30:00,-21.62673,-18.218037
2018-09-22 12:00:00,-20.85918,-12.290433
2018-09-22 12:30:00,-19.110579,-15.691184
2018-09-22 13:00:00,-24.810286,-14.746303
2018-09-22 13:30:00,-24.979818,-13.672452
2018-09-22 14:00:00,-22.64404,-14.106503
2018-09-22 14:30:00,-27.988968,-18.588816
2018-09-22 15:00:00,-23.22778,-14.322972
2018-09-22 15:30:00,-15.627525,-11.408538
2018-09-22 16:00:00,-11.013217,-7.5980306
2018-09-22 16:30:00,-9.850378,-3.5009196
2018-09-22 17:00:00,-3.2072124,0.9418365
2018-09-22 17:30:00,-4.593535,3.6538308
2018-09-22 18:00:00,2.17341,3.8875382
2018-09-22 18:30:00,4.5359836,3.4764354
2018-09-22 19:00:00,6.8985567,1.304492
2018-09-22 19:30:00,9.26113,-1.1908746
2018-09-22 20:00:00,-26.758867,-2.1998127
2018-09-22 20:30:00,-20.528172,-7.0858517
2018-09-22 21:00:00,-18.449167,-5.14904
2018-09-22 21:30:00,-16.370157,-2.8812158
2018-09-22 22:00:00,-14.291153,-0.6514836
2018-09-22 22:30:00,-12.212148,-0.34858328
2018-09-22 23:00:00,-10.13314,3.5025117
2018-09-22 23:30:00,-8.054137,4.957747
2018-09-23 00:00:00,-5.97513,2.6464744
2018-09-23 00:30:00,-3.8961222,3.6701329
2018-09-23 01:00:00,-1.8171194,1.9321742
2018-09-23 01:30:00,0.26188818,5.456958
2018-09-23 02:00:00,2.3408957,5.380407
2018-09-23 02:30:00,4.419899,1.0375994
2018-09-23 03:00:00,6.498906,-0.061722822
2018-09-23 03:30:00,8.577913,-1.4232755
2018-09-23 04:00:00,10.656918,-4.2403827
2018-09-23 04:30:00,12.735925,-6.9043055
2018-09-23 05:00:00,14.814932,-3.9066348
2018-09-23 05:30:00,16.893936,-4.47447
2018-09-23 06:00:00,18.972942,-1.7122945
2018-09-23 06:30:00,21.051949,-0.08893946
2018-09-23 07:00:00,23.130953,-3.314554
2018-09-23 07:30:00,-10.864826,-5.113111
2018-09-23 08:00:00,-9.93939,-3.2113938
2018-09-23 08:30:00,-20.628693,-6.1062627
2018-09-23 09:00:00,-13.451219,-8.751659
2018-09-23 09:30:00,-19.433678,-13.026588
2018-09-23 10:00:00,-18.68742,-20.672262
2018-09-23 10:30:00,-19.487068,-23.079594
2018-09-23 11:00:00,-22.770102,-23.853205
2018-09-23 11:30:00,-24.855576,-25.012064
2018-09-23 12:00:00,-25.685072,-25.728306
2018-09-23 12:30:00,-23.996834,-24.385363
2018-09-23 13:00:00,-24.867008,-22.916924
2018-09-23 13:30:00,-26.192513,-23.832275
2018-09-23 14:00:00,-21.767864,-20.5988
2018-09-23 14:30:00,-20.515343,-20.8212
2018-09-23 15:00:00,-18.39268,-18.858906
2018-09-23 15:30:00,-15.582173,-17.119831
2018-09-23 16:00:00,-13.986317,-13.989773
2018-09-23 16:30:00,-9.806706,-10.745862
2018-09-23 17:00:00,-5.6214843,-8.738744
2018-09-23 17:30:00,-4.989258,-4.8609695
2018-09-23 18:00:00,-4.3570356,-1.9551992
2018-09-23 18:30:00,-3.7248092,3.2333996
2018-09-23 19:00:00,-3.0925827,3.460269
2018-09-23 19:30:00,-12.040599,4.5883803
2018-09-23 20:00:00,-10.076085,0.10512926
2018-09-23 20:30:00,-24.586487,-0.35912213
2018-09-23 21:00:00,23.449614,-1.9683248
2018-09-23 21:30:00,10.955588,-1.7737012
2018-09-23 22:00:00,-1.5384339,-0.13744791
2018-09-23 22:30:00,-7.7369885,0.18824726
2018-09-23 23:00:00,12.207265,-2.0572278
2018-09-23 23:30:00,-27.37057,-2.8759246
2018-09-24 00:00:00,-16.54307,-3.8194098
2018-09-24 00:30:00,-5.715574,-5.2564344
2018-09-24 01:00:00,-4.8831744,-6.694315
2018-09-24 01:30:00,-5.503368,-7.1380744
2018-09-24 02:00:00,-6.123561,-8.4309845
2018-09-24 02:30:00,-6.7437544,-8.046946
2018-09-24 03:00:00,3.8746617,-7.646268
2018-09-24 03:30:00,0.005289784,-2.945161
2018-09-24 04:00:00,-3.8640776,-0.33903626
2018-09-24 04:30:00,-7.733445,-0.23366082
2018-09-24 05:00:00,-11.602817,0.085008435
2018-09-24 05:30:00,-15.472186,-0.7552729
2018-09-24 06:00:00,-19.341555,0.6870033
2018-09-24 06:30:00,-23.210924,2.0277798
2018-09-24 07:00:00,-27.080294,-0.9276348
2018-09-24 07:30:00,-30.949663,-5.0088716
2018-09-24 08:00:00,-34.81903,-8.182452
2018-09-24 08:30:00,-12.748585,-12.510111
2018-09-24 09:00:00,-14.757522,-14.320215
2018-09-24 09:30:00,-17.206244,-17.832516
2018-09-24 10:00:00,-21.094666,-20.000261
2018-09-24 10:30:00,-23.204947,-19.692898
2018-09-24 11:00:00,-24.182528,-20.9432
2018-09-24 11:30:00,-32.334095,-24.214346
2018-09-24 12:00:00,-23.665861,-27.145948
2018-09-24 12:30:00,-28.536266,-27.226627
2018-09-24 13:00:00,-25.090643,-27.160814
2018-09-24 13:30:00,-25.33348,-28.626526
2018-09-24 14:00:00,-22.143677,-25.240705
2018-09-24 14:30:00,-18.358171,-21.757738
2018-09-24 15:00:00,-10.174125,-19.104265
2018-09-24 15:30:00,-8.628658,-15.419944
2018-09-24 16:00:00,-17.08607,-12.958785
2018-09-24 16:30:00,-8.282689,-9.375033
2018-09-24 17:00:00,-2.8563848,-5.883195
2018-09-24 17:30:00,-1.1086391,-4.3221025
2018-09-24 18:00:00,4.388658,-1.4467782
2018-09-24 18:30:00,-2.711681,-0.41485748
2018-09-24 19:00:00,-3.6849039,0.2738427
2018-09-24 19:30:00,-1.8194656,-2.2653832
2018-09-24 20:00:00,6.493619,-3.2032888
2018-09-24 20:30:00,0.8924848,-4.466872
2018-09-24 21:00:00,3.2280734,-2.379436
2018-09-24 21:30:00,5.563657,-3.0643961
2018-09-24 22:00:00,3.1315022,-4.979951
2018-09-24 22:30:00,4.0104127,-4.411993
2018-09-24 23:00:00,2.9678135,-3.3076854
2018-09-24 23:30:00,4.3946877,-3.93272
2018-09-25 00:00:00,4.009906,-5.3292975
2018-09-25 00:30:00,3.6345053,-4.294982
2018-09-25 01:00:00,4.1903553,-3.0699234
2018-09-25 01:30:00,3.4774666,-4.6881447
2018-09-25 02:00:00,3.5948534,-6.1363983
2018-09-25 02:30:00,3.3678792,-7.2177625
2018-09-25 03:00:00,3.8333933,-6.306204
2018-09-25 03:30:00,3.582331,-3.4424098
2018-09-25 04:00:00,3.963001,-5.790298
2018-09-25 04:30:00,3.7357385,-4.097636
2018-09-25 05:00:00,3.7973986,-4.0546727
2018-09-25 05:30:00,3.617941,-3.075717
2018-09-25 06:00:00,3.339592,-3.7898686
2018-09-25 06:30:00,2.7365572,-4.7574334
2018-09-25 07:00:00,-1.6101654,-5.7828746
2018-09-25 07:30:00,-8.313554,-8.888992
2018-09-25 08:00:00,-7.4850307,-10.757921
2018-09-25 08:30:00,-8.050275,-11.73263
2018-09-25 09:00:00,-8.822015,-11.937801
2018-09-25 09:30:00,-16.513016,-14.085876
2018-09-25 10:00:00,-18.846697,-13.703845
2018-09-25 10:30:00,-24.214672,-15.470971
2018-09-25 11:00:00,-20.08634,-16.146996
2018-09-25 11:30:00,-15.192031,-17.789515
2018-09-25 12:00:00,-15.442125,-18.559698
2018-09-25 12:30:00,-14.181052,-19.571762
2018-09-25 13:00:00,-9.414987,-18.517145
2018-09-25 13:30:00,-6.636063,-18.274918
2018-09-25 14:00:00,-7.014745,-17.555037
2018-09-25 14:30:00,-6.3995156,-12.331706
2018-09-25 15:00:00,-5.784286,-11.295958
2018-09-25 15:30:00,-25.58264,-9.143047
2018-09-25 16:00:00,-8.402921,-6.875905
2018-09-25 16:30:00,8.776797,-6.1615653
2018-09-25 17:00:00,11.646316,-5.226771
2018-09-25 17:30:00,14.515833,-3.6817753
2018-09-25 18:00:00,14.53182,-4.5490246
2018-09-25 18:30:00,14.547808,-3.3407438
2018-09-25 19:00:00,12.299484,-3.3992493
2018-09-25 19:30:00,10.051165,-5.4173965
2018-09-25 20:00:00,27.856369,-5.03109
2018-09-25 20:30:00,45.661575,-3.8195145
2018-09-25 21:00:00,10.789186,-2.3522413
2018-09-25 21:30:00,-24.083206,-0.7337976
2018-09-25 22:00:00,3.1697338,-1.5469629
2018-09-25 22:30:00,3.8638957,-1.3434433
2018-09-25 23:00:00,4.558062,-2.0318682
2018-09-25 23:30:00,5.252228,-3.2159991
2018-09-26 00:00:00,5.946394,-1.9251907
2018-09-26 00:30:00,6.64056,-0.36173502
2018-09-26 01:00:00,5.539189,-0.32623845
2018-09-26 01:30:00,4.4378133,2.0488312
2018-09-26 02:00:00,3.3364418,2.5679793
2018-09-26 02:30:00,-8.764348,2.09623
2018-09-26 03:00:00,2.3938565,5.055201
2018-09-26 03:30:00,3.8204818,11.432432
2018-09-26 04:00:00,3.3616922,13.126099
2018-09-26 04:30:00,3.5412896,13.385502
2018-09-26 05:00:00,2.1997964,13.864609
2018-09-26 05:30:00,2.4999268,14.575658
2018-09-26 06:00:00,3.6899564,12.764692
2018-09-26 06:30:00,2.856312,9.571271
2018-09-26 07:00:00,2.3104415,4.2579317
2018-09-26 07:30:00,-0.62402666,3.1392796
2018-09-26 08:00:00,-3.5584943,-2.2907298
2018-09-26 08:30:00,-8.065541,-1.2642795
2018-09-26 09:00:00,-8.704361,-5.334244
2018-09-26 09:30:00,-13.501545,-13.304918
2018-09-26 10:00:00,-21.621326,-16.864601
2018-09-26 10:30:00,-28.22736,-22.817509
2018-09-26 11:00:00,-29.535593,-23.599573
2018-09-26 11:30:00,-34.14289,-25.063814
2018-09-26 12:00:00,-30.858126,-23.20092
2018-09-26 12:30:00,-28.772469,-22.546633
2018-09-26 13:00:00,-21.360325,-19.630106
2018-09-26 13:30:00,-19.289267,-17.993382
2018-09-26 14:00:00,-11.974691,-17.155855
2018-09-26 14:30:00,-6.717481,-16.158195
2018-09-26 15:00:00,-2.6176484,-18.176449
2018-09-26 15:30:00,-13.006188,-17.972265
2018-09-26 16:00:00,-10.934521,-15.821033
2018-09-26 16:30:00,-9.2368965,-14.757239
2018-09-26 17:00:00,-2.502158,-12.296218
2018-09-26 17:30:00,-2.4855194,-9.691093
2018-09-26 18:00:00,0.48448867,-6.6129274
2018-09-26 18:30:00,2.1346583,-3.822678
2018-09-26 19:00:00,2.7254329,-2.1693494
2018-09-26 19:30:00,3.573566,-1.7967931
2018-09-26 20:00:00,4.0778494,-1.0008562
2018-09-26 20:30:00,3.988719,1.6643335
2018-09-26 21:00:00,3.3513544,1.1877999
2018-09-26 21:30:00,0.6781074,-1.3087682
2018-09-26 22:00:00,1.0405531,-0.058511354
2018-09-26 22:30:00,2.7550178,-0.9797654
2018-09-26 23:00:00,6.9029655,-2.5381567
2018-09-26 23:30:00,3.523074,-2.3627145
2018-09-27 00:00:00,3.3803275,-1.8197715
2018-09-27 00:30:00,2.1638062,-0.9173144
2018-09-27 01:00:00,2.958603,2.1989706
2018-09-27 01:30:00,2.5444329,3.5170486
2018-09-27 02:00:00,2.7176292,5.8470263
2018-09-27 02:30:00,2.071482,4.995092
2018-09-27 03:00:00,-3.7308562,5.583826
2018-09-27 03:30:00,-7.7951536,6.2612534
2018-09-27 04:00:00,-1.4643561,5.7984
2018-09-27 04:30:00,-9.30774,3.2123175
2018-09-27 05:00:00,11.315853,-0.33219826
2018-09-27 05:30:00,20.82068,1.2138499
2018-09-27 06:00:00,-6.4511,-0.16912563
2018-09-27 06:30:00,-2.766468,-4.3981028
2018-09-27 07:00:00,0.918159,-6.464689
2018-09-27 07:30:00,-5.1840825,-8.265732
2018-09-27 08:00:00,-9.463687,-6.906276
2018-09-27 08:30:00,-9.844864,-11.402233
2018-09-27 09:00:00,-16.924047,-13.388475
2018-09-27 09:30:00,-17.151838,-17.120163
2018-09-27 10:00:00,-20.486599,-20.049824
2018-09-27 10:30:00,-22.39096,-23.585167
2018-09-27 11:00:00,-20.874298,-25.000048
2018-09-27 11:30:00,-23.074474,-25.688982
2018-09-27 12:00:00,-21.106466,-24.234047
2018-09-27 12:30:00,-19.094564,-20.984407
2018-09-27 13:00:00,-17.094164,-18.531765
2018-09-27 13:30:00,-20.321703,-17.278326
2018-09-27 14:00:00,-19.032648,-13.820435
2018-09-27 14:30:00,-22.595242,-13.461854
2018-09-27 15:00:00,-9.944891,-12.356708
2018-09-27 15:30:00,-22.840158,-12.942513
2018-09-27 16:00:00,-8.072555,-11.2019205
2018-09-27 16:30:00,-9.969193,-8.184585
2018-09-27 17:00:00,-6.303368,-5.0715017
2018-09-27 17:30:00,-3.0744717,-4.286204
2018-09-27 18:00:00,0.15442856,-3.4285939
2018-09-27 18:30:00,3.3833249,-0.6487178
2018-09-27 19:00:00,3.9445624,0.91798425
2018-09-27 19:30:00,4.5058002,0.9143752
2018-09-27 20:00:00,3.550024,0.47116217
2018-09-27 20:30:00,2.7002044,0.83472204
2018-09-27 21:00:00,-7.9899344,0.35936818
2018-09-27 21:30:00,-7.740611,2.0353212
2018-09-27 22:00:00,-5.094231,3.2336748
2018-09-27 22:30:00,-1.8638232,4.803492
2018-09-27 23:00:00,1.3665847,5.079333
2018-09-27 23:30:00,4.5969925,5.459968
2018-09-28 00:00:00,7.8274,5.3866243
2018-09-28 00:30:00,11.057809,3.6394513
2018-09-28 01:00:00,9.428581,4.8002806
2018-09-28 01:30:00,7.7993536,5.50097
2018-09-28 02:00:00,-15.911593,4.7885923
2018-09-28 02:30:00,-14.733915,5.0504384
2018-09-28 03:00:00,-5.660179,6.0191565
2018-09-28 03:30:00,-2.2028098,3.4589581
2018-09-28 04:00:00,1.2545635,1.6958715
2018-09-28 04:30:00,4.00042,0.2531014
2018-09-28 05:00:00,3.0024493,1.4810177
2018-09-28 05:30:00,-4.43304,1.8223027
2018-09-28 06:00:00,-4.206459,0.39103717
2018-09-28 06:30:00,-3.979874,-1.2279309
2018-09-28 07:00:00,-3.7532928,-1.8249754
2018-09-28 07:30:00,-3.526712,-3.8658514
2018-09-28 08:00:00,-7.739951,-7.5881515
2018-09-28 08:30:00,-5.695038,-10.103966
2018-09-28 09:00:00,-18.697874,-14.512032
2018-09-28 09:30:00,-13.794977,-16.965508
2018-09-28 10:00:00,-18.584581,-18.698666
2018-09-28 10:30:00,-17.803524,-19.72857
2018-09-28 11:00:00,-19.436964,-20.277998
2018-09-28 11:30:00,-22.50214,-21.497438
2018-09-28 12:00:00,-21.576042,-21.893578
2018-09-28 12:30:00,-25.587265,-20.755644
2018-09-28 13:00:00,-21.076563,-20.626135
2018-09-28 13:30:00,-18.466064,-21.111044
2018-09-28 14:00:00,-21.665693,-18.46413
2018-09-28 14:30:00,-18.390034,-19.725578
2018-09-28 15:00:00,-14.212365,-14.798667
2018-09-28 15:30:00,-12.796875,-15.683326
2018-09-28 16:00:00,-10.503992,-10.8372555
2018-09-28 16:30:00,-7.851824,-10.413888
2018-09-28 17:00:00,-2.3313034,-6.7110934
2018-09-28 17:30:00,-3.272604,-3.7357368
2018-09-28 18:00:00,-4.213909,-0.7382238
2018-09-28 18:30:00,-5.15521,2.5474958
2018-09-28 19:00:00,-6.0965104,4.0545783
2018-09-28 19:30:00,-4.3399687,4.801137
2018-09-28 20:00:00,-33.409824,4.137115
2018-09-28 20:30:00,-19.522102,3.9190674
2018-09-28 21:00:00,-5.634378,3.050394
2018-09-28 21:30:00,-30.016665,2.313299
2018-09-28 22:00:00,-2.7101166,2.562487
2018-09-28 22:30:00,13.806663,0.50170827
2018-09-28 23:00:00,30.32344,0.669089
2018-09-28 23:30:00,-6.713711,-0.04140538
2018-09-29 00:00:00,-25.445415,1.0957204
2018-09-29 00:30:00,-44.177116,-0.83417016
2018-09-29 01:00:00,18.165321,0.89930093
2018-09-29 01:30:00,16.195347,-0.68718547
2018-09-29 02:00:00,14.225372,-1.612669
2018-09-29 02:30:00,12.255402,-3.0224504
2018-09-29 03:00:00,10.285427,-2.6172726
2018-09-29 03:30:00,8.315452,-2.2787578
2018-09-29 04:00:00,6.345481,-1.8075898
2018-09-29 04:30:00,4.3755064,-1.0817939
2018-09-29 05:00:00,2.4055314,0.10627402
2018-09-29 05:30:00,0.4355608,-0.9770608
2018-09-29 06:00:00,-1.5344142,-1.4470972
2018-09-29 06:30:00,-3.5043888,-2.6675024
2018-09-29 07:00:00,-5.4743595,-3.9939911
2018-09-29 07:30:00,-7.4443345,-5.752556
2018-09-29 08:00:00,-9.414309,-8.769294
2018-09-29 08:30:00,-11.384279,-10.412599
2018-09-29 09:00:00,-15.303999,-14.512908
2018-09-29 09:30:00,-10.085763,-16.26546
2018-09-29 10:00:00,-15.115272,-18.225355
2018-09-29 10:30:00,-21.683052,-18.845108
2018-09-29 11:00:00,-21.738514,-19.097918
2018-09-29 11:30:00,-21.844196,-20.832066
2018-09-29 12:00:00,-21.591444,-20.393448
2018-09-29 12:30:00,-21.979593,-22.033176
2018-09-29 13:00:00,-21.801054,-22.352968
2018-09-29 13:30:00,-19.810661,-20.384901
2018-09-29 14:00:00,-23.223833,-20.134165
2018-09-29 14:30:00,-15.712819,-18.459347
2018-09-29 15:00:00,-14.124347,-16.753237
2018-09-29 15:30:00,-9.9117365,-15.663109
2018-09-29 16:00:00,-9.277099,-13.301359
2018-09-29 16:30:00,-5.1735525,-11.128057
2018-09-29 17:00:00,-2.1997864,-7.5314026
2018-09-29 17:30:00,-6.961776,-5.373371
2018-09-29 18:00:00,-1.2878653,-3.3107002
2018-09-29 18:30:00,4.370333,-1.5147084
2018-09-29 19:00:00,-8.003274,-0.9305884
2018-09-29 19:30:00,3.1778433,0.058980267
2018-09-29 20:00:00,14.358961,-1.9767445
2018-09-29 20:30:00,16.855663,-1.7660898
2018-09-29 21:00:00,19.352371,-1.4000437
2018-09-29 21:30:00,-23.612871,-3.7457907
2018-09-29 22:00:00,-8.441715,-1.7935686
2018-09-29 22:30:00,6.729437,0.38138968
2018-09-29 23:00:00,-23.631363,-1.0171583
2018-09-29 23:30:00,5.0441203,-0.56979436
2018-09-30 00:00:00,6.4463296,-3.877098
2018-09-30 00:30:00,7.8485394,-9.310729
2018-09-30 01:00:00,9.25075,-2.9219773
2018-09-30 01:30:00,10.652959,-2.908096
2018-09-30 02:00:00,12.055168,-4.747751
2018-09-30 02:30:00,13.457377,-4.4849787
2018-09-30 03:00:00,14.859587,-2.500978
2018-09-30 03:30:00,16.261797,-3.5856018
2018-09-30 04:00:00,17.664005,-3.0574183
2018-09-30 04:30:00,19.066214,-1.4728981
2018-09-30 05:00:00,20.468424,-1.9893545
2018-09-30 05:30:00,21.870632,-3.4922814
2018-09-30 06:00:00,23.272842,-6.6594563
2018-09-30 06:30:00,24.67505,-8.005341
2018-09-30 07:00:00,26.077261,-8.17315
2018-09-30 07:30:00,27.479471,-8.475875
2018-09-30 08:00:00,28.88168,-11.650337
2018-09-30 08:30:00,-9.603134,-13.5220585
2018-09-30 09:00:00,-7.553341,-14.4274
2018-09-30 09:30:00,-11.693315,-17.512623
2018-09-30 10:00:00,-16.41146,-19.242771
2018-09-30 10:30:00,-14.727631,-21.50034
2018-09-30 11:00:00,-16.035616,-21.80305
2018-09-30 11:30:00,-19.794134,-21.912582
2018-09-30 12:00:00,-19.551182,-23.367846
2018-09-30 12:30:00,-17.670946,-22.272827
2018-09-30 13:00:00,-18.229124,-22.370907
2018-09-30 13:30:00,-20.075586,-20.307392
2018-09-30 14:00:00,-18.732529,-19.11804
2018-09-30 14:30:00,-15.323473,-15.089004
2018-09-30 15:00:00,-14.22766,-14.703457
2018-09-30 15:30:00,-11.259853,-11.142109
2018-09-30 16:00:00,-7.4287143,-9.419491
2018-09-30 16:30:00,-5.3416324,-7.3069186
2018-09-30 17:00:00,-2.7465396,-4.1235466
2018-09-30 17:30:00,0.7527751,-3.5178988
2018-09-30 18:00:00,1.846321,-1.6368053
2018-09-30 18:30:00,1.2397295,0.36048675
2018-09-30 19:00:00,1.3083588,-0.7005906
2018-09-30 19:30:00,1.3769925,-0.42513415
2018-09-30 20:00:00,3.883208,0.76524955
2018-09-30 20:30:00,1.2942983,-0.60196584
2018-09-30 21:00:00,-1.2946115,0.2699933
2018-09-30 21:30:00,11.528942,-0.99637765
2018-09-30 22:00:00,16.920784,-0.70229465
2018-09-30 22:30:00,9.264669,-1.1884758
2018-09-30 23:00:00,1.6085545,-3.2085538
2018-09-30 23:30:00,-0.7725887,-2.4020343
2018-10-01 00:00:00,-2.6496537,0.37800342
2018-10-01 00:30:00,-4.5267234,0.2954578
2018-10-01 01:00:00,-6.4037933,-0.8253791
2018-10-01 01:30:00,-14.76536,-0.9805213
2018-10-01 02:00:00,-1.1533988,-0.24736308
2018-10-01 02:30:00,-4.683513,0.89929223
2018-10-01 03:00:00,5.804766,2.7735655
2018-10-01 03:30:00,5.8398256,4.6166153
2018-10-01 04:00:00,8.374757,7.898494
2018-10-01 04:30:00,10.909693,7.208684
2018-10-01 05:00:00,4.4980445,6.5974917
2018-10-01 05:30:00,-1.9136032,7.136144
2018-10-01 06:00:00,-0.9135174,5.636656
2018-10-01 06:30:00,0.08657266,2.8640416
2018-10-01 07:00:00,1.0866628,3.5973701
2018-10-01 07:30:00,-5.3779545,3.5567615
2018-10-01 08:00:00,-11.8425665,2.9678397
2018-10-01 08:30:00,-6.1053886,-4.117753
2018-10-01 09:00:00,-8.504167,-6.69137
2018-10-01 09:30:00,-10.907383,-10.545003
2018-10-01 10:00:00,-9.474676,-14.179832
2018-10-01 10:30:00,-19.042543,-16.534843
2018-10-01 11:00:00,-17.632582,-17.866507
2018-10-01 11:30:00,-18.336723,-18.634876
2018-10-01 12:00:00,-20.951242,-19.398943
2018-10-01 12:30:00,-19.843307,-18.642387
2018-10-01 13:00:00,-16.995197,-18.466747
2018-10-01 13:30:00,-14.149682,-19.025177
2018-10-01 14:00:00,-9.990018,-17.137804
2018-10-01 14:30:00,-15.759053,-16.247322
2018-10-01 15:00:00,-9.509867,-13.969392
2018-10-01 15:30:00,-7.161101,-9.656243
2018-10-01 16:00:00,-6.160626,-5.9730897
2018-10-01 16:30:00,-4.378533,-3.866734
2018-10-01 17:00:00,-1.1707013,-1.3921002
2018-10-01 17:30:00,-3.7352693,0.97612274
2018-10-01 18:00:00,-6.2998376,3.8166106
2018-10-01 18:30:00,-4.7932143,5.231714
2018-10-01 19:00:00,-3.2865858,3.617692
2018-10-01 19:30:00,-4.7513604,2.3750553
2018-10-01 20:00:00,-4.5202346,3.3031693
2018-10-01 20:30:00,-4.2891054,4.744947
2018-10-01 21:00:00,-4.05798,4.638663
2018-10-01 21:30:00,-9.328945,7.737029
2018-10-01 22:00:00,-14.599908,8.449538
2018-10-01 22:30:00,5.884891,8.301522
2018-10-01 23:00:00,-7.639006,7.2297134
2018-10-01 23:30:00,-5.482128,6.1494546
2018-10-02 00:00:00,-3.3252501,6.2435575
2018-10-02 00:30:00,-1.1683724,5.776234
2018-10-02 01:00:00,0.9885054,5.3162475
2018-10-02 01:30:00,6.122684,6.097036
2018-10-02 02:00:00,2.3113983,7.091319
2018-10-02 02:30:00,-14.975496,8.080482
2018-10-02 03:00:00,-32.262394,7.35798
2018-10-02 03:30:00,-49.54929,8.990694
2018-10-02 04:00:00,-45.659004,7.6811757
2018-10-02 04:30:00,-41.768723,7.6592417
2018-10-02 05:00:00,-37.878437,7.64668
2018-10-02 05:30:00,-33.988155,5.5823445
2018-10-02 06:00:00,-30.097874,3.2583835
2018-10-02 06:30:00,-26.20759,2.0590818
2018-10-02 07:00:00,-22.317307,-0.7450705
2018-10-02 07:30:00,-18.427025,-2.7978792
2018-10-02 08:00:00,-14.53674,-6.5728955
2018-10-02 08:30:00,-10.646455,-8.525756
2018-10-02 09:00:00,-6.7561717,-11.530464
2018-10-02 09:30:00,-10.720358,-13.592976
2018-10-02 10:00:00,-13.774493,-15.308653
2018-10-02 10:30:00,-18.581858,-17.096775
2018-10-02 11:00:00,-19.236893,-17.465286
2018-10-02 11:30:00,-19.049952,-17.799831
2018-10-02 12:00:00,-16.854473,-19.07387
2018-10-02 12:30:00,-14.38815,-20.072046
2018-10-02 13:00:00,-16.255667,-18.564388
2018-10-02 13:30:00,-13.584534,-15.658383
2018-10-02 14:00:00,-14.287013,-12.114331
2018-10-02 14:30:00,-10.405787,-10.4452505
2018-10-02 15:00:00,-6.978781,-8.127258
2018-10-02 15:30:00,-9.171666,-6.1487985
2018-10-02 16:00:00,-5.098867,-4.9911585
2018-10-02 16:30:00,-1.8728634,-2.6303499
2018-10-02 17:00:00,-1.7112327,0.35246462
2018-10-02 17:30:00,-0.46389022,1.5063337
2018-10-02 18:00:00,-2.0382648,3.586368
2018-10-02 18:30:00,2.2704093,5.3208394
2018-10-02 19:00:00,-0.830797,5.7010074
2018-10-02 19:30:00,-3.9320033,5.5821786
2018-10-02 20:00:00,-9.147867,4.765719
2018-10-02 20:30:00,-14.363726,4.274723
2018-10-02 21:00:00,-12.781726,4.5521197
2018-10-02 21:30:00,-10.158762,6.773314
2018-10-02 22:00:00,-7.535798,7.304032
2018-10-02 22:30:00,-16.605392,8.899925
2018-10-02 23:00:00,35.711277,8.17472
2018-10-02 23:30:00,-2.6515281,8.515817
2018-10-03 00:00:00,-12.455516,5.9833193
2018-10-03 00:30:00,-12.11541,6.2537117
2018-10-03 01:00:00,-11.775301,5.126959
2018-10-03 01:30:00,-11.435195,4.2828064
2018-10-03 02:00:00,-11.095086,3.841411
2018-10-03 02:30:00,-10.754976,2.1057987
2018-10-03 03:00:00,-10.414871,0.670177
2018-10-03 03:30:00,-10.074761,2.245928
2018-10-03 04:00:00,-9.734652,5.0488696
2018-10-03 04:30:00,-9.3945465,8.05112
2018-10-03 05:00:00,-9.054438,9.504883
2018-10-03 05:30:00,-8.714328,9.71972
2018-10-03 06:00:00,-8.374223,11.125315
2018-10-03 06:30:00,-8.034113,6.913526
2018-10-03 07:00:00,-7.6940074,7.938154
2018-10-03 07:30:00,-7.353898,7.619114
2018-10-03 08:00:00,-7.013788,0.21300833
2018-10-03 08:30:00,-6.673683,-1.5050434
2018-10-03 09:00:00,-8.595731,-4.271506
2018-10-03 09:30:00,-10.517782,-8.398744
2018-10-03 10:00:00,-12.43983,-11.624589
2018-10-03 10:30:00,-17.690321,-14.717734
2018-10-03 11:00:00,-17.921917,-15.66156
2018-10-03 11:30:00,-22.060139,-16.63401
2018-10-03 12:00:00,-16.802261,-17.055605
2018-10-03 12:30:00,-17.174349,-17.585175
2018-10-03 13:00:00,-18.49497,-16.942024
2018-10-03 13:30:00,-17.526854,-15.954614
2018-10-03 14:00:00,-19.066362,-13.665317
2018-10-03 14:30:00,-11.092626,-13.289099
2018-10-03 15:00:00,-8.233788,-9.05941
2018-10-03 15:30:00,-6.728435,-8.927211
2018-10-03 16:00:00,-7.260302,-5.3294983
2018-10-03 16:30:00,-4.2922077,-1.8758302
2018-10-03 17:00:00,-3.56185,0.57694834
2018-10-03 17:30:00,-2.831497,3.8476853
2018-10-03 18:00:00,-2.1011398,8.23984
2018-10-03 18:30:00,-1.1624433,12.499037
2018-10-03 19:00:00,-7.97209,13.96645
2018-10-03 19:30:00,-9.953106,13.854918
2018-10-03 20:00:00,3.7422445,13.876092
2018-10-03 20:30:00,17.4376,13.53388
2018-10-03 21:00:00,-9.429492,12.495134
2018-10-03 21:30:00,6.5365653,10.441955
2018-10-03 22:00:00,5.7606096,10.394237
2018-10-03 22:30:00,4.984658,10.534226
2018-10-03 23:00:00,2.1116886,2.432132
2018-10-03 23:30:00,-23.70452,1.4530321
2018-10-04 00:00:00,3.729189,-2.2412558
2018-10-04 00:30:00,-17.534729,-0.41318837
2018-10-04 01:00:00,-10.5388775,0.8528374
2018-10-04 01:30:00,-3.543027,-0.91118854
2018-10-04 02:00:00,-3.0381494,1.7063885
2018-10-04 02:30:00,-2.5332675,0.98958033
2018-10-04 03:00:00,-3.5393786,-1.486963
2018-10-04 03:30:00,-4.54549,-1.5084864
2018-10-04 04:00:00,-15.441828,2.636508
2018-10-04 04:30:00,-2.8533132,2.5351217
2018-10-04 05:00:00,20.995293,8.440227
2018-10-04 05:30:00,24.276148,10.352758
2018-10-04 06:00:00,-10.314713,13.277632
2018-10-04 06:30:00,24.419436,9.331652
2018-10-04 07:00:00,-20.18976,2.8660996
2018-10-04 07:30:00,1.6835237,-5.1516137
2018-10-04 08:00:00,23.556807,-8.309089
2018-10-04 08:30:00,-5.742235,-11.345702
2018-10-04 09:00:00,-8.797437,-12.754898
2018-10-04 09:30:00,-9.982647,-11.786883
2018-10-04 10:00:00,-14.9566145,-12.530113
2018-10-04 10:30:00,-14.680263,-14.691177
2018-10-04 11:00:00,-17.0034,-15.837027
2018-10-04 11:30:00,-16.97232,-16.861456
2018-10-04 12:00:00,-16.133144,-15.830619
2018-10-04 12:30:00,-16.651806,-16.693335
2018-10-04 13:00:00,-17.279106,-16.631372
2018-10-04 13:30:00,-15.025687,-16.498909
2018-10-04 14:00:00,-15.536686,-15.870384
2018-10-04 14:30:00,-15.553091,-14.416466
2018-10-04 15:00:00,-10.945759,-12.676071
2018-10-04 15:30:00,-8.913692,-11.927586
2018-10-04 16:00:00,-6.16829,-10.815514
2018-10-04 16:30:00,-2.89494,-8.369945
2018-10-04 17:00:00,-1.2003342,-6.9489474
2018-10-04 17:30:00,1.8217347,-5.900803
2018-10-04 18:00:00,1.2114686,-5.288728
2018-10-04 18:30:00,3.2201211,-4.997887
2018-10-04 19:00:00,5.228773,-5.6219473
2018-10-04 19:30:00,8.432432,-6.553784
2018-10-04 20:00:00,-6.6977406,-6.702053
2018-10-04 20:30:00,-7.7155704,-5.9015765
2018-10-04 21:00:00,-8.733404,-5.6011014
2018-10-04 21:30:00,-9.751233,-3.8544168
2018-10-04 22:00:00,-22.742016,-3.180437
2018-10-04 22:30:00,-35.73279,-3.6846156
2018-10-04 23:00:00,-22.843428,-2.0653722
2018-10-04 23:30:00,-9.954059,-2.7319198
2018-10-05 00:00:00,2.93531,-1.7580284
2018-10-05 00:30:00,-1.0345613,-0.59843975
2018-10-05 01:00:00,-23.94946,0.27503553
2018-10-05 01:30:00,22.793447,-2.5701797
2018-10-05 02:00:00,-0.81006014,-2.3398323
2018-10-05 02:30:00,-1.0862725,-3.3183599
2018-10-05 03:00:00,-1.3624805,-5.0836663
2018-10-05 03:30:00,-1.6386929,-5.795266
2018-10-05 04:00:00,-1.9149008,-3.847439
2018-10-05 04:30:00,-2.191109,-3.299021
2018-10-05 05:00:00,-2.4673212,-3.5768282
2018-10-05 05:30:00,-2.743529,-3.9143906
2018-10-05 06:00:00,-3.0197413,-4.580969
2018-10-05 06:30:00,-3.2959495,-4.7539644
2018-10-05 07:00:00,-3.5721617,-6.6235228
2018-10-05 07:30:00,-3.8483698,-6.479575
2018-10-05 08:00:00,-4.1245775,-4.79615
2018-10-05 08:30:00,-5.5889587,-8.854059
2018-10-05 09:00:00,-9.738483,-11.056802
2018-10-05 09:30:00,-10.453273,-13.566493
2018-10-05 10:00:00,-12.65834,-16.22316
2018-10-05 10:30:00,-15.453003,-17.31356
2018-10-05 11:00:00,-17.524971,-16.838884
2018-10-05 11:30:00,-15.509883,-17.566347
2018-10-05 12:00:00,-17.989727,-15.440124
2018-10-05 12:30:00,-15.653588,-16.373951
2018-10-05 13:00:00,-15.535611,-15.674528
2018-10-05 13:30:00,-15.358144,-13.793874
2018-10-05 14:00:00,-14.491075,-12.494206
2018-10-05 14:30:00,-11.785918,-12.20576
2018-10-05 15:00:00,-8.925227,-10.713485
2018-10-05 15:30:00,-7.3986487,-10.367848
2018-10-05 16:00:00,-4.745095,-9.923237
2018-10-05 16:30:00,-1.8242457,-8.005865
2018-10-05 17:00:00,-3.983754,-6.329322
2018-10-05 17:30:00,-6.143258,-5.840419
2018-10-05 18:00:00,-8.302766,-4.1880426
2018-10-05 18:30:00,1.51114,-2.0835881
2018-10-05 19:00:00,-6.902169,-3.127118
2018-10-05 19:30:00,-4.726809,-1.9036454
2018-10-05 20:00:00,-1.5990891,-4.290722
2018-10-05 20:30:00,1.5286348,-3.5060143
2018-10-05 21:00:00,4.6563544,-2.4296224
2018-10-05 21:30:00,14.043363,-2.0643017
2018-10-05 22:00:00,23.43037,-2.714119
2018-10-05 22:30:00,-7.6835256,-3.492749
2018-10-05 23:00:00,-14.843127,-6.4362617
2018-10-05 23:30:00,1.1033754,-2.9559753
2018-10-06 00:00:00,-1.6272146,-2.70365
2018-10-06 00:30:00,0.7487334,-2.663828
2018-10-06 01:00:00,1.1151421,-3.3809156
2018-10-06 01:30:00,1.4815464,0.11787463
2018-10-06 02:00:00,-10.762548,1.2278012
2018-10-06 02:30:00,-4.062402,-0.311741
2018-10-06 03:00:00,-1.7034771,1.7517291
2018-10-06 03:30:00,3.403332,0.13760658
2018-10-06 04:00:00,2.2333136,0.85783154
2018-10-06 04:30:00,3.6649377,0.4103147
2018-10-06 05:00:00,-7.6500387,-1.4089135
2018-10-06 05:30:00,-10.336883,-2.047078
2018-10-06 06:00:00,-9.363323,-1.5482781
2018-10-06 06:30:00,-8.38976,-2.4568608
2018-10-06 07:00:00,-7.4162,-3.9315403
2018-10-06 07:30:00,-6.4426365,-5.24472
2018-10-06 08:00:00,-5.469077,-6.6278267
2018-10-06 08:30:00,-4.495513,-8.134463
2018-10-06 09:00:00,-6.664442,-10.079122
2018-10-06 09:30:00,-11.254505,-11.436301
2018-10-06 10:00:00,-9.013064,-14.173043
2018-10-06 10:30:00,-21.067085,-15.26237
2018-10-06 11:00:00,-15.730914,-17.077774
2018-10-06 11:30:00,-18.624702,-18.205387
2018-10-06 12:00:00,-17.610588,-19.51161
2018-10-06 12:30:00,-16.119476,-18.934238
2018-10-06 13:00:00,-15.81329,-17.360533
2018-10-06 13:30:00,-13.883397,-16.726627
2018-10-06 14:00:00,-14.562168,-14.684785
2018-10-06 14:30:00,-9.721959,-12.379948
2018-10-06 15:00:00,-8.2005415,-10.373139
2018-10-06 15:30:00,-8.799604,-9.2933655
2018-10-06 16:00:00,-5.9849305,-7.0809627
2018-10-06 16:30:00,-5.6016297,-6.2375617
2018-10-06 17:00:00,-0.50736517,-5.243265
2018-10-06 17:30:00,1.9289584,-4.718306
2018-10-06 18:00:00,-7.7009244,-4.510146
2018-10-06 18:30:00,-35.50773,-2.5836766
2018-10-06 19:00:00,-36.747166,-3.2581196
2018-10-06 19:30:00,32.683907,-1.8238088
2018-10-06 20:00:00,2.9160454,-0.8648473
2018-10-06 20:30:00,1.0642437,-1.983635
2018-10-06 21:00:00,-0.7875624,-0.5396109
2018-10-06 21:30:00,-21.680174,1.047745
2018-10-06 22:00:00,-42.57278,1.9822382
2018-10-06 22:30:00,-11.3637085,2.8941026
2018-10-06 23:00:00,-6.3024726,0.27578267
2018-10-06 23:30:00,-1.2412312,0.29459706
2018-10-07 00:00:00,3.8200057,-0.8624267
2018-10-07 00:30:00,6.711807,-0.90804267
2018-10-07 01:00:00,9.603608,0.95199525
2018-10-07 01:30:00,5.3808613,-0.5135172
2018-10-07 02:00:00,1.158119,-0.9731764
2018-10-07 02:30:00,-1.4927087,-0.5744259
2018-10-07 03:00:00,-4.143541,-0.5672121
2018-10-07 03:30:00,-6.7943687,-0.44656578
2018-10-07 04:00:00,-9.445196,1.6164498
2018-10-07 04:30:00,-12.096024,-0.9652461
2018-10-07 05:00:00,-14.746854,-1.0551453
2018-10-07 05:30:00,-17.397684,-1.6889316
2018-10-07 06:00:00,-20.048512,-3.6602216
2018-10-07 06:30:00,-22.699343,-3.7750828
2018-10-07 07:00:00,-25.35017,-5.5933676
2018-10-07 07:30:00,-28.001,-5.5084844
2018-10-07 08:00:00,-30.651827,-6.0411463
2018-10-07 08:30:00,-33.302654,-7.680611
2018-10-07 09:00:00,-8.256193,-8.289422
2018-10-07 09:30:00,-11.47265,-11.365111
2018-10-07 10:00:00,-11.084481,-12.194307
2018-10-07 10:30:00,-13.467141,-16.573439
2018-10-07 11:00:00,-12.9467125,-15.941414
2018-10-07 11:30:00,-14.812354,-16.937962
2018-10-07 12:00:00,-13.595453,-18.947567
2018-10-07 12:30:00,-17.189245,-16.776577
2018-10-07 13:00:00,-15.308712,-15.771368
2018-10-07 13:30:00,-14.936252,-14.433211
2018-10-07 14:00:00,-12.980544,-12.80858
2018-10-07 14:30:00,-10.356898,-11.125509
2018-10-07 15:00:00,-5.9159036,-9.33251
2018-10-07 15:30:00,-5.712751,-8.896874
2018-10-07 16:00:00,-5.6933208,-7.8838816
2018-10-07 16:30:00,-1.290347,-6.9538803
2018-10-07 17:00:00,-0.37669125,-5.1820464
2018-10-07 17:30:00,4.106263,-3.2609859
2018-10-07 18:00:00,8.589212,-2.2179496
2018-10-07 18:30:00,3.4758236,-4.6350307
2018-10-07 19:00:00,7.081698,-0.8654022
2018-10-07 19:30:00,10.6875725,-0.638026
2018-10-07 20:00:00,-22.218697,0.4200671
2018-10-07 20:30:00,-3.5564802,0.60083115
2018-10-07 21:00:00,15.105738,-0.63538694
2018-10-07 21:30:00,8.154493,-2.4344156
2018-10-07 22:00:00,1.2032499,-4.4095855
2018-10-07 22:30:00,-5.747994,-3.0842898
2018-10-07 23:00:00,-8.497486,-0.83959687
2018-10-07 23:30:00,-9.725756,-1.9376171
2018-10-08 00:00:00,-5.133538,-1.414266
2018-10-08 00:30:00,-4.985675,-2.258908
2018-10-08 01:00:00,-4.837812,-0.5705022
2018-10-08 01:30:00,6.601756,0.5742743
2018-10-08 02:00:00,5.671938,-0.13139637
2018-10-08 02:30:00,4.913822,-0.6784643
2018-10-08 03:00:00,4.155711,0.34112617
2018-10-08 03:30:00,3.3975995,-1.4243853
2018-10-08 04:00:00,7.855561,-4.6824207
2018-10-08 04:30:00,5.9081883,-2.8050842
2018-10-08 05:00:00,4.863653,-5.0888
2018-10-08 05:30:00,4.393316,-7.716575
2018-10-08 06:00:00,5.753959,-6.9528317
2018-10-08 06:30:00,14.4353895,-7.0957136
2018-10-08 07:00:00,4.5084696,-8.885575
2018-10-08 07:30:00,1.6121811,-9.812395
2018-10-08 08:00:00,-2.597737,-9.525587
2018-10-08 08:30:00,-6.1948514,-9.709681
2018-10-08 09:00:00,-5.0695357,-9.012929
2018-10-08 09:30:00,-8.090054,-10.993953
2018-10-08 10:00:00,-8.018169,-11.329056
2018-10-08 10:30:00,-10.824628,-12.457657
2018-10-08 11:00:00,-14.640575,-14.286984
2018-10-08 11:30:00,-17.86704,-14.40644
2018-10-08 12:00:00,-19.35253,-16.15066
2018-10-08 12:30:00,-18.330317,-17.28977
2018-10-08 13:00:00,-14.439354,-16.541203
2018-10-08 13:30:00,-12.434302,-14.826893
2018-10-08 14:00:00,-10.015722,-12.570285
2018-10-08 14:30:00,-8.952487,-11.328147
2018-10-08 15:00:00,-6.7520866,-8.035113
2018-10-08 15:30:00,-2.5180054,-6.4582396
2018-10-08 16:00:00,-1.6869216,-6.0813355
2018-10-08 16:30:00,-2.1173499,-3.3757946
2018-10-08 17:00:00,0.98420167,-2.893214
2018-10-08 17:30:00,1.05166,-2.2091498
2018-10-08 18:00:00,-4.885215,-0.45295376
2018-10-08 18:30:00,-10.822084,0.2056154
2018-10-08 19:00:00,-7.0233965,3.3776796
2018-10-08 19:30:00,-34.15468,2.320172
2018-10-08 20:00:00,-18.792519,4.658456
2018-10-08 20:30:00,-3.4303591,3.351031
2018-10-08 21:00:00,13.359797,6.1498175
2018-10-08 21:30:00,4.8633084,5.660141
2018-10-08 22:00:00,3.8937252,4.5519185
2018-10-08 22:30:00,2.3963776,5.776322
2018-10-08 23:00:00,2.047599,7.51203
2018-10-08 23:30:00,5.836378,6.0121307
2018-10-09 00:00:00,5.2264442,3.9634774
2018-10-09 00:30:00,4.616506,6.1713057
2018-10-09 01:00:00,2.0593657,12.779016
2018-10-09 01:30:00,2.7205305,10.779814
2018-10-09 02:00:00,3.381695,8.516192
2018-10-09 02:30:00,11.243405,8.258423
2018-10-09 03:00:00,-2.130091,5.5985985
2018-10-09 03:30:00,0.55032593,3.478725
2018-10-09 04:00:00,3.2307472,3.1800542
2018-10-09 04:30:00,5.911168,3.4831991
2018-10-09 05:00:00,8.59159,1.2740333
2018-10-09 05:30:00,11.272012,2.6569653
2018-10-09 06:00:00,0.89463013,0.882444
2018-10-09 06:30:00,3.588793,-2.2978342
2018-10-09 07:00:00,2.8522618,-4.4524617
2018-10-09 07:30:00,2.997844,-5.9913664
2018-10-09 08:00:00,3.143426,-8.737402
2018-10-09 08:30:00,-1.4719107,-9.64719
2018-10-09 09:00:00,-4.5631723,-11.328797
2018-10-09 09:30:00,-5.9639664,-12.5524235
2018-10-09 10:00:00,-8.786278,-17.093153
2018-10-09 10:30:00,-8.793544,-18.840975
2018-10-09 11:00:00,-7.6540847,-19.296137
2018-10-09 11:30:00,-11.810837,-20.375858
2018-10-09 12:00:00,-14.290338,-21.084635
2018-10-09 12:30:00,-15.513018,-19.186687
2018-10-09 13:00:00,-14.085853,-17.906599
2018-10-09 13:30:00,-11.629238,-18.51554
2018-10-09 14:00:00,-10.833349,-16.562452
2018-10-09 14:30:00,-11.626765,-15.542662
2018-10-09 15:00:00,-8.351606,-14.023897
2018-10-09 15:30:00,-5.505356,-10.446374
2018-10-09 16:00:00,-3.7849443,-7.5357847
2018-10-09 16:30:00,-1.3118923,-6.672285
2018-10-09 17:00:00,1.1680155,-6.108788
2018-10-09 17:30:00,1.7714436,-6.268352
2018-10-09 18:00:00,2.4788928,-5.4402003
2018-10-09 18:30:00,5.168533,-3.1088934
2018-10-09 19:00:00,5.491764,-1.0193647
2018-10-09 19:30:00,5.9478927,-2.9578147
2018-10-09 20:00:00,5.8331275,-2.4859388
2018-10-09 20:30:00,6.1551,-4.8005896
2018-10-09 21:00:00,5.541273,-5.702479
2018-10-09 21:30:00,7.151118,-5.8515606
2018-10-09 22:00:00,7.098061,-1.0089526
2018-10-09 22:30:00,4.706418,0.54837286
2018-10-09 23:00:00,4.7877536,1.4995918
2018-10-09 23:30:00,4.4492564,2.1526468
2018-10-10 00:00:00,4.014092,3.3055243
2018-10-10 00:30:00,4.3553376,4.310827
2018-10-10 01:00:00,3.494944,4.6331925
2018-10-10 01:30:00,2.11355,4.723594
2018-10-10 02:00:00,2.8490503,5.1392236
2018-10-10 02:30:00,2.0894444,5.154455
2018-10-10 03:00:00,0.87800044,4.7336392
2018-10-10 03:30:00,-0.33344787,3.7916791
2018-10-10 04:00:00,-1.5448961,2.3326988
2018-10-10 04:30:00,7.557541,3.0914352
2018-10-10 05:00:00,7.6320643,1.9314358
2018-10-10 05:30:00,7.706588,3.8734908
2018-10-10 06:00:00,30.846014,2.7186778
2018-10-10 06:30:00,6.741182,1.2947352
2018-10-10 07:00:00,9.1897135,-0.08084744
2018-10-10 07:30:00,5.1488667,-2.6645706
2018-10-10 08:00:00,1.1080201,-4.3076096
2018-10-10 08:30:00,-2.9328265,-4.5770273
2018-10-10 09:00:00,-6.9736733,-6.5256715
2018-10-10 09:30:00,-8.98074,-7.259367
2018-10-10 10:00:00,-13.46671,-10.59716
2018-10-10 10:30:00,-12.534823,-11.914106
2018-10-10 11:00:00,-16.668697,-13.772022
2018-10-10 11:30:00,-16.8296,-14.610357
2018-10-10 12:00:00,-19.24539,-16.612862
2018-10-10 12:30:00,-11.79221,-15.04938
2018-10-10 13:00:00,-11.069587,-13.71847
2018-10-10 13:30:00,-15.235584,-12.722386
2018-10-10 14:00:00,-14.91516,-12.388573
2018-10-10 14:30:00,-13.81413,-12.0074005
2018-10-10 15:00:00,-13.6383705,-11.15561
2018-10-10 15:30:00,-8.611053,-10.95303
2018-10-10 16:00:00,-7.2919583,-10.592367
2018-10-10 16:30:00,-4.298124,-7.986653
2018-10-10 17:00:00,-1.8880424,-5.9581814
2018-10-10 17:30:00,-9.077534,-2.8333802
2018-10-10 18:00:00,-7.6959434,-1.752204
2018-10-10 18:30:00,17.560015,-1.0308737
2018-10-10 19:00:00,26.847881,-2.7371848
2018-10-10 19:30:00,36.13575,-0.4468061
2018-10-10 20:00:00,3.5378072,0.5874828
2018-10-10 20:30:00,-5.9362955,1.8627323
2018-10-10 21:00:00,2.0246427,1.1642054
2018-10-10 21:30:00,5.001458,0.18520184
2018-10-10 22:00:00,7.978274,0.6431264
2018-10-10 22:30:00,1.8801835,2.1160536
2018-10-10 23:00:00,5.5241756,2.5454988
2018-10-10 23:30:00,3.4193676,3.0363073
2018-10-11 00:00:00,3.2963443,3.8901553
2018-10-11 00:30:00,3.7057123,3.359774
2018-10-11 01:00:00,2.42889,3.0769944
2018-10-11 01:30:00,1.1520718,2.1472027
2018-10-11 02:00:00,-2.303663,3.503403
2018-10-11 02:30:00,1.8648077,1.8832725
2018-10-11 03:00:00,6.033274,4.265167
2018-10-11 03:30:00,3.7107108,3.415553
2018-10-11 04:00:00,1.3881518,4.803304
2018-10-11 04:30:00,-0.93441164,5.4465322
2018-10-11 05:00:00,0.4856815,5.6988487
2018-10-11 05:30:00,1.9057746,4.608462
2018-10-11 06:00:00,3.325868,3.706407
2018-10-11 06:30:00,1.3602448,1.8879172
2018-10-11 07:00:00,-0.6053739,2.3829987
2018-10-11 07:30:00,-2.5709968,1.1880927
2018-10-11 08:00:00,-4.5366197,-0.25247958
2018-10-11 08:30:00,-6.5022388,-1.899394
2018-10-11 09:00:00,-6.5153995,-4.092524
2018-10-11 09:30:00,-7.7250605,-5.7315435
2018-10-11 10:00:00,-10.537641,-8.021446
2018-10-11 10:30:00,-11.038643,-9.992198
2018-10-11 11:00:00,-13.110086,-10.56851
2018-10-11 11:30:00,-13.408249,-13.431491
2018-10-11 12:00:00,-13.228758,-14.21487
2018-10-11 12:30:00,-12.574025,-13.599108
2018-10-11 13:00:00,-14.138518,-12.52463
2018-10-11 13:30:00,-14.06704,-13.119288
2018-10-11 14:00:00,-12.721337,-13.635408
2018-10-11 14:30:00,-11.864134,-12.89034
2018-10-11 15:00:00,-9.2506075,-11.919882
2018-10-11 15:30:00,-6.9045024,-9.865378
2018-10-11 16:00:00,-4.450771,-7.973038
2018-10-11 16:30:00,-3.2744565,-5.6942687
2018-10-11 17:00:00,-1.4608213,-5.1626334
2018-10-11 17:30:00,-1.0891999,-4.869363
2018-10-11 18:00:00,-1.0468785,-4.3422146
2018-10-11 18:30:00,-1.004557,-1.1563698
2018-10-11 19:00:00,-0.9622356,2.3283906
2018-10-11 19:30:00,-4.518557,6.923995
2018-10-11 20:00:00,-8.074883,5.6944356
2018-10-11 20:30:00,-11.631204,4.3328004
2018-10-11 21:00:00,-15.18753,3.377046
2018-10-11 21:30:00,-4.735386,2.8628094
2018-10-11 22:00:00,5.7167587,2.6680546
2018-10-11 22:30:00,-9.6871395,2.9983506
2018-10-11 23:00:00,6.739469,3.546131
2018-10-11 23:30:00,5.00768,4.3361516
2018-10-12 00:00:00,1.3754238,4.357548
2018-10-12 00:30:00,-3.7336833,3.916048
2018-10-12 01:00:00,6.56151,4.0116143
2018-10-12 01:30:00,2.0942376,4.4276676
2018-10-12 02:00:00,1.80656,5.501337
2018-10-12 02:30:00,1.5188825,7.272498
2018-10-12 03:00:00,2.7598503,8.936173
2018-10-12 03:30:00,3.679942,10.620306
2018-10-12 04:00:00,4.600029,12.821944
2018-10-12 04:30:00,5.520121,12.973892
2018-10-12 05:00:00,3.8166413,14.207786
2018-10-12 05:30:00,2.8857527,9.309045
2018-10-12 06:00:00,1.6188705,8.799531
2018-10-12 06:30:00,0.15879354,7.757836
2018-10-12 07:00:00,-1.3012791,4.3310657
2018-10-12 07:30:00,-1.6901724,1.2189009
2018-10-12 08:00:00,-2.7028985,-1.624877
2018-10-12 08:30:00,-3.7156248,-4.3123546
2018-10-12 09:00:00,-6.4475217,-5.727288
2018-10-12 09:30:00,-7.61487,-7.152135
2018-10-12 10:00:00,-9.17639,-8.884868
2018-10-12 10:30:00,-11.389195,-10.33423
2018-10-12 11:00:00,-11.654602,-10.986005
2018-10-12 11:30:00,-14.424896,-11.895025
2018-10-12 12:00:00,-13.988589,-12.451199
2018-10-12 12:30:00,-14.48171,-11.700345
2018-10-12 13:00:00,-12.844313,-12.06335
2018-10-12 13:30:00,-13.898834,-13.042296
2018-10-12 14:00:00,-12.460812,-13.183783
2018-10-12 14:30:00,-10.235133,-12.347208
2018-10-12 15:00:00,-6.855767,-10.700849
2018-10-12 15:30:00,-8.190727,-8.332307
2018-10-12 16:00:00,-4.7173185,-7.1847563
2018-10-12 16:30:00,-2.9528599,-5.180443
2018-10-12 17:00:00,-0.9995804,-3.8075426
2018-10-12 17:30:00,0.7257376,-1.9146955
2018-10-12 18:00:00,-0.445622,1.0025048
2018-10-12 18:30:00,-1.6169816,2.3545892
2018-10-12 19:00:00,-1.7128494,2.3632581
2018-10-12 19:30:00,-1.8087171,3.0619159
2018-10-12 20:00:00,0.82278067,2.5145378
2018-10-12 20:30:00,3.4542742,2.79283
2018-10-12 21:00:00,2.500451,2.5881832
2018-10-12 21:30:00,0.44610837,3.0416772
2018-10-12 22:00:00,-1.6082342,2.8709276
2018-10-12 22:30:00,-3.6572373,3.2252858
2018-10-12 23:00:00,-5.7062407,2.5957856
2018-10-12 23:30:00,-6.684449,2.4884877
2018-10-13 00:00:00,-2.5511818,2.3403497
2018-10-13 00:30:00,1.5820894,2.6525652
2018-10-13 01:00:00,-0.9912131,2.0727797
2018-10-13 01:30:00,-3.564511,3.787323
2018-10-13 02:00:00,-6.1378136,3.198152
2018-10-13 02:30:00,-8.711112,1.5470866
2018-10-13 03:00:00,-5.0189824,0.7304565
2018-10-13 03:30:00,-1.3268529,3.7534387
2018-10-13 04:00:00,-1.2278742,4.6231604
2018-10-13 04:30:00,-1.1288911,4.455714
2018-10-13 05:00:00,-1.0299124,5.135051
2018-10-13 05:30:00,-1.1617354,4.570235
2018-10-13 06:00:00,-1.2935629,2.5432618
2018-10-13 06:30:00,1.258474,0.85764366
2018-10-13 07:00:00,0.51440555,-0.52741176
2018-10-13 07:30:00,-0.2296585,-1.5531455
2018-10-13 08:00:00,-0.973727,-3.3547127
2018-10-13 08:30:00,-3.7723563,-4.69694
2018-10-13 09:00:00,-5.719742,-6.3690524
2018-10-13 09:30:00,-6.8807592,-8.057624
2018-10-13 10:00:00,-8.39499,-9.368584
2018-10-13 10:30:00,-11.422887,-11.522512
2018-10-13 11:00:00,-10.29564,-12.471437
2018-10-13 11:30:00,-12.808034,-12.640099
2018-10-13 12:00:00,-12.281598,-11.652784
2018-10-13 12:30:00,-13.27671,-12.052382
2018-10-13 13:00:00,-13.3313875,-11.999326
2018-10-13 13:30:00,-7.646871,-11.00558
2018-10-13 14:00:00,-7.654242,-10.151701
2018-10-13 14:30:00,-5.748501,-8.879594
2018-10-13 15:00:00,-5.4371986,-7.758202
2018-10-13 15:30:00,-5.624237,-7.399221
2018-10-13 16:00:00,-3.3146589,-6.5927496
2018-10-13 16:30:00,-1.9258242,-6.006559
2018-10-13 17:00:00,-0.2551405,-4.490436
2018-10-13 17:30:00,1.4155432,-2.6190684
2018-10-13 18:00:00,3.163809,-0.35402313
2018-10-13 18:30:00,0.58839166,0.69416904
2018-10-13 19:00:00,3.1947308,0.5004848
2018-10-13 19:30:00,5.126762,-0.68088055
2018-10-13 20:00:00,2.7224312,-0.46585208
2018-10-13 20:30:00,3.154144,-0.08721794
2018-10-13 21:00:00,2.8243723,-0.15943006
2018-10-13 21:30:00,3.5713987,-0.024312511
2018-10-13 22:00:00,4.6353116,-0.20317155
2018-10-13 22:30:00,3.4967222,-0.33541846
2018-10-13 23:00:00,3.4218667,-0.82433915
2018-10-13 23:30:00,3.7545047,-0.7942125
2018-10-14 00:00:00,2.8812742,-0.6350986
2018-10-14 00:30:00,3.2276452,-0.19877161
2018-10-14 01:00:00,3.0121055,-0.06695293
2018-10-14 01:30:00,3.6136808,-0.59391314
2018-10-14 02:00:00,2.6788251,-1.3459644
2018-10-14 02:30:00,3.5438368,-1.829336
2018-10-14 03:00:00,2.878102,-2.0146573
2018-10-14 03:30:00,2.5801697,-2.2215238
2018-10-14 04:00:00,2.2794976,-0.9971379
2018-10-14 04:30:00,1.9430189,-0.65477806
2018-10-14 05:00:00,2.420361,-0.91594243
2018-10-14 05:30:00,0.16165982,-1.2987143
2018-10-14 06:00:00,3.2362702,-1.5344753
2018-10-14 06:30:00,3.6421165,-1.2013916
2018-10-14 07:00:00,3.3326797,-2.6294324
2018-10-14 07:30:00,-2.5482063,-2.6396873
2018-10-14 08:00:00,-8.429089,-1.8701019
2018-10-14 08:30:00,-14.309969,-2.3153028
2018-10-14 09:00:00,-20.190855,-2.7209134
2018-10-14 09:30:00,-26.071735,-3.164192
2018-10-14 10:00:00,-32.115868,-4.0663342
2018-10-14 10:30:00,-4.0455627,-3.9954026
2018-10-14 11:00:00,-5.090159,-3.788606
2018-10-14 11:30:00,-3.1967566,-3.6548908
2018-10-14 12:00:00,-4.108079,-4.6306834
2018-10-14 12:30:00,-3.5750804,-5.0068226
2018-10-14 13:00:00,-3.5947206,-4.5514274
2018-10-14 13:30:00,-3.9804637,-3.6561275
2018-10-14 14:00:00,-2.0882545,-4.1047845
2018-10-14 14:30:00,-0.57354325,-3.5124547
2018-10-14 15:00:00,-3.2131023,-3.223331
2018-10-14 15:30:00,-0.86732036,-2.6225114
2018-10-14 16:00:00,0.13440822,-2.065643
2018-10-14 16:30:00,0.52573526,-1.81559
2018-10-14 17:00:00,6.2049675,-0.9915976
2018-10-14 17:30:00,11.884195,-0.763448
2018-10-14 18:00:00,8.181885,-0.021310773
2018-10-14 18:30:00,4.47958,-0.01868043
2018-10-14 19:00:00,0.7772696,0.2475043
2018-10-14 19:30:00,2.534794,0.65561837
2018-10-14 20:00:00,2.8654964,0.3808872
2018-10-14 20:30:00,3.8440063,0.8418922
2018-10-14 21:00:00,6.2841005,1.1551871
2018-10-14 21:30:00,4.5987096,0.6879733
2018-10-14 22:00:00,3.2050512,0.27022925
2018-10-14 22:30:00,3.3830233,0.7051361
2018-10-14 23:00:00,3.920968,0.8902564
2018-10-14 23:30:00,4.1892896,0.37465215
2018-10-15 00:00:00,3.862493,0.97478575
2018-10-15 00:30:00,4.065078,2.1338718
2018-10-15 01:00:00,3.4846716,1.1786025
2018-10-15 01:30:00,3.6134887,1.6708394
2018-10-15 02:00:00,2.387001,1.6706822
2018-10-15 02:30:00,2.9568639,1.8572006
2018-10-15 03:00:00,3.5267222,2.4002795
2018-10-15 03:30:00,4.096585,2.9172556
2018-10-15 04:00:00,3.8784935,3.2982624
2018-10-15 04:30:00,3.8472092,2.6061192
2018-10-15 05:00:00,3.5431945,1.6640364
2018-10-15 05:30:00,3.4874244,1.4273709
2018-10-15 06:00:00,3.410537,0.39270627
2018-10-15 06:30:00,3.9276443,-0.94873434
2018-10-15 07:00:00,2.8448164,-1.40634
2018-10-15 07:30:00,0.6991894,-2.2189853
2018-10-15 08:00:00,-1.8214624,-3.2106423
2018-10-15 08:30:00,-2.9718273,-4.9580913
2018-10-15 09:00:00,-4.99468,-6.507993
2018-10-15 09:30:00,-8.360358,-7.736884
2018-10-15 10:00:00,-7.7670064,-7.871176
2018-10-15 10:30:00,-9.183883,-7.9421296
2018-10-15 11:00:00,-9.315536,-7.6389976
2018-10-15 11:30:00,-9.01978,-9.251603
2018-10-15 12:00:00,-9.100984,-10.200725
2018-10-15 12:30:00,-8.812271,-9.925583
2018-10-15 13:00:00,-12.071953,-10.052023
2018-10-15 13:30:00,-12.189715,-9.100779
2018-10-15 14:00:00,-9.381394,-9.313889
2018-10-15 14:30:00,-7.4594917,-8.851818
2018-10-15 15:00:00,-4.735958,-8.753931
2018-10-15 15:30:00,-4.520759,-8.019541
2018-10-15 16:00:00,-0.7546176,-7.030042
2018-10-15 16:30:00,0.6190382,-5.706197
2018-10-15 17:00:00,15.513734,-4.4136577
2018-10-15 17:30:00,16.571749,-3.6439369
2018-10-15 18:00:00,11.886044,-2.4839332
2018-10-15 18:30:00,7.2003384,-0.43133426
2018-10-15 19:00:00,2.5146296,-0.32419798
2018-10-15 19:30:00,5.0630703,-0.99590576
2018-10-15 20:00:00,7.611511,-1.0030147
2018-10-15 20:30:00,10.159952,-2.4633012
2018-10-15 21:00:00,12.708389,-2.6151533
2018-10-15 21:30:00,6.613977,-3.0037234
2018-10-15 22:00:00,7.5173516,-3.9085662
2018-10-15 22:30:00,-7.2978787,-4.284303
2018-10-15 23:00:00,6.61548,-4.1407576
2018-10-15 23:30:00,5.9103074,-4.092188
2018-10-16 00:00:00,5.205135,-2.3114185
2018-10-16 00:30:00,4.499963,-2.8618507
2018-10-16 01:00:00,6.5816875,-2.6278026
2018-10-16 01:30:00,4.730476,-3.3365798
2018-10-16 02:00:00,3.7778416,-1.8585538
2018-10-16 02:30:00,2.8252025,-0.8729656
2018-10-16 03:00:00,3.3687968,-0.67946047
2018-10-16 03:30:00,1.9289234,-0.2659022
2018-10-16 04:00:00,1.2733297,-0.4688145
2018-10-16 04:30:00,0.61773616,-0.92236096
2018-10-16 05:00:00,9.842909,-0.31928685
2018-10-16 05:30:00,19.470995,-0.9423682
2018-10-16 06:00:00,3.3559728,-0.5575296
2018-10-16 06:30:00,2.686196,-1.2462909
2018-10-16 07:00:00,2.0164194,-1.2304476
2018-10-16 07:30:00,0.2591879,-2.0133772
2018-10-16 08:00:00,-1.4980437,-3.4061573
2018-10-16 08:30:00,-3.3272688,-4.610073
2018-10-16 09:00:00,-6.675741,-5.440895
2018-10-16 09:30:00,-12.202893,-7.4223657
2018-10-16 10:00:00,-9.742538,-7.720643
2018-10-16 10:30:00,-14.212015,-9.132024
2018-10-16 11:00:00,-22.140491,-9.304993
2018-10-16 11:30:00,-23.997442,-9.7334585
2018-10-16 12:00:00,-11.10528,-8.894375
2018-10-16 12:30:00,-14.077062,-7.760107
2018-10-16 13:00:00,-15.879725,-8.006246
2018-10-16 13:30:00,-14.191632,-6.339057
2018-10-16 14:00:00,-11.071797,-4.8049107
2018-10-16 14:30:00,-7.1831307,-3.647345
2018-10-16 15:00:00,-5.2811694,-2.58982
2018-10-16 15:30:00,-7.6022296,-2.113033
2018-10-16 16:00:00,-2.610972,-1.394783
2018-10-16 16:30:00,-1.4759742,-0.707717
2018-10-16 17:00:00,0.28133175,0.6747736
2018-10-16 17:30:00,2.0386376,1.5698639
2018-10-16 18:00:00,2.7394323,2.18685
2018-10-16 18:30:00,-0.8433283,2.988157
2018-10-16 19:00:00,1.4297304,1.8648863
2018-10-16 19:30:00,-1.1365374,2.0577536
2018-10-16 20:00:00,4.3185477,2.820217
2018-10-16 20:30:00,9.773628,3.5501988
2018-10-16 21:00:00,15.228713,3.9985414
2018-10-16 21:30:00,4.539125,2.6971457
2018-10-16 22:00:00,-5.7027144,2.2823858
2018-10-16 22:30:00,-19.341448,1.1741632
2018-10-16 23:00:00,-32.98018,2.195366
2018-10-16 23:30:00,-32.353584,2.8392935
2018-10-17 00:00:00,-31.726988,3.7336106
2018-10-17 00:30:00,-31.100393,4.226298
2018-10-17 01:00:00,-30.473797,4.645706
2018-10-17 01:30:00,-29.8472,4.542267
2018-10-17 02:00:00,-29.220604,5.232522
2018-10-17 02:30:00,-28.59401,6.785535
2018-10-17 03:00:00,-27.967413,7.5301147
2018-10-17 03:30:00,-27.340816,8.76614
2018-10-17 04:00:00,-26.71422,9.282899
2018-10-17 04:30:00,-26.087624,9.610792
2018-10-17 05:00:00,-25.46103,8.569918
2018-10-17 05:30:00,-24.834433,5.7361193
2018-10-17 06:00:00,-24.207836,4.797995
2018-10-17 06:30:00,-23.58124,4.3560495
2018-10-17 07:00:00,-22.954643,2.974516
2018-10-17 07:30:00,-22.328049,1.6307639
2018-10-17 08:00:00,-5.347295,0.03249768
2018-10-17 08:30:00,-3.3917472,-1.7553892
2018-10-17 09:00:00,-6.9059834,-3.3198714
2018-10-17 09:30:00,-5.125673,-5.3568463
2018-10-17 10:00:00,-9.808433,-4.5561376
2018-10-17 10:30:00,-11.074991,-5.94759
2018-10-17 11:00:00,-14.5434675,-9.197638
2018-10-17 11:30:00,-15.816842,-11.778145
2018-10-17 12:00:00,-21.243637,-11.781631
2018-10-17 12:30:00,-14.340075,-12.198083
2018-10-17 13:00:00,-14.074733,-11.910082
2018-10-17 13:30:00,-17.82883,-10.312423
2018-10-17 14:00:00,-10.725282,-9.370043
2018-10-17 14:30:00,-9.148016,-7.8493466
2018-10-17 15:00:00,-4.599565,-6.6229377
2018-10-17 15:30:00,-8.966993,-4.5576844
2018-10-17 16:00:00,-6.783642,-2.9357495
2018-10-17 16:30:00,-3.926891,-1.2725943
2018-10-17 17:00:00,-0.15807119,0.136121
2018-10-17 17:30:00,1.3299084,1.2079295
2018-10-17 18:00:00,2.8178883,2.4140909
2018-10-17 18:30:00,0.5965667,2.6242433
2018-10-17 19:00:00,1.3115091,3.2905593
2018-10-17 19:30:00,2.0264516,2.833089
2018-10-17 20:00:00,2.4649327,3.8069763
2018-10-17 20:30:00,2.9034138,4.0972056
2018-10-17 21:00:00,2.248873,3.720297
2018-10-17 21:30:00,4.0455685,2.2874236
2018-10-17 22:00:00,3.953642,2.1916606
2018-10-17 22:30:00,4.0261335,0.5425529
2018-10-17 23:00:00,4.832373,-1.5984862
2018-10-17 23:30:00,4.1962714,-3.2681472
2018-10-18 00:00:00,3.7328198,-4.2758136
2018-10-18 00:30:00,2.251027,-6.453123
2018-10-18 01:00:00,3.2757385,-7.1435795
2018-10-18 01:30:00,4.40988,-14.836171
2018-10-18 02:00:00,4.0851984,-15.578245
2018-10-18 02:30:00,3.214109,-17.761208
2018-10-18 03:00:00,3.1712937,-12.83695
2018-10-18 03:30:00,2.586479,-13.465884
2018-10-18 04:00:00,2.4862158,-9.0046835
2018-10-18 04:30:00,3.4039524,-3.4123662
2018-10-18 05:00:00,2.9251947,-1.956615
2018-10-18 05:30:00,3.4185328,2.8190591
2018-10-18 06:00:00,2.0412767,5.766355
2018-10-18 06:30:00,2.8006992,7.3795075
2018-10-18 07:00:00,2.0568097,2.0338314
2018-10-18 07:30:00,1.1289055,0.9862203
2018-10-18 08:00:00,-1.7104594,1.6605585
2018-10-18 08:30:00,-5.2139425,-4.388556
2018-10-18 09:00:00,-7.123782,-5.641771
2018-10-18 09:30:00,-8.773257,-7.744596
2018-10-18 10:00:00,-10.886284,-8.76101
2018-10-18 10:30:00,-12.998743,-8.784936
2018-10-18 11:00:00,-12.597248,-8.975081
2018-10-18 11:30:00,-13.149153,-9.999831
2018-10-18 12:00:00,-12.133687,-10.982335
2018-10-18 12:30:00,-15.940014,-9.064373
2018-10-18 13:00:00,-14.515409,-8.28251
2018-10-18 13:30:00,-13.396373,-8.880078
2018-10-18 14:00:00,-11.58024,-6.1302156
2018-10-18 14:30:00,-10.551111,-4.663506
2018-10-18 15:00:00,-9.055066,-5.211513
2018-10-18 15:30:00,-7.2388225,-3.4724796
2018-10-18 16:00:00,-4.002564,-2.4073517
2018-10-18 16:30:00,-1.2956164,-0.84714276
2018-10-18 17:00:00,0.3948822,0.37770632
2018-10-18 17:30:00,0.8533311,1.5899411
2018-10-18 18:00:00,1.6371387,3.1909382
2018-10-18 18:30:00,1.6462488,2.932662
2018-10-18 19:00:00,3.3359742,2.146307
2018-10-18 19:30:00,3.9179313,1.9047785
2018-10-18 20:00:00,4.1333137,0.81547076
2018-10-18 20:30:00,5.1924334,0.5159654
2018-10-18 21:00:00,3.273047,0.43150166
2018-10-18 21:30:00,2.6543393,-0.23851952
2018-10-18 22:00:00,3.1914933,1.3796622
2018-10-18 22:30:00,2.958083,4.1752725
2018-10-18 23:00:00,3.3286207,4.4659734
2018-10-18 23:30:00,2.2704444,4.917746
2018-10-19 00:00:00,2.809866,7.0255737
2018-10-19 00:30:00,3.317317,8.498868
2018-10-19 01:00:00,3.0609198,9.305139
2018-10-19 01:30:00,3.809895,6.074403
2018-10-19 02:00:00,2.1318052,6.61018
2018-10-19 02:30:00,2.258634,7.3134694
2018-10-19 03:00:00,2.6426163,6.811371
2018-10-19 03:30:00,2.519248,5.8534055
2018-10-19 04:00:00,3.150098,5.032603
2018-10-19 04:30:00,3.1311743,5.5421863
2018-10-19 05:00:00,2.7322054,4.155152
2018-10-19 05:30:00,2.5259635,1.9876692
2018-10-19 06:00:00,1.2698954,2.8558054
2018-10-19 06:30:00,0.49503627,1.9162916
2018-10-19 07:00:00,2.809368,1.6001436
2018-10-19 07:30:00,1.0486844,-0.10249753
2018-10-19 08:00:00,-0.71200335,-2.6769533
2018-10-19 08:30:00,-2.4726865,-5.6231575
2018-10-19 09:00:00,-5.961572,-7.093437
2018-10-19 09:30:00,-8.188315,-10.185979
2018-10-19 10:00:00,-7.5835943,-9.679664
2018-10-19 10:30:00,-7.181082,-10.191593
2018-10-19 11:00:00,-7.271457,-8.907627
2018-10-19 11:30:00,-7.251725,-8.885467
2018-10-19 12:00:00,-13.3282585,-9.625466
2018-10-19 12:30:00,-11.759514,-12.406134
2018-10-19 13:00:00,-9.548666,-11.545512
2018-10-19 13:30:00,-9.320359,-11.048395
2018-10-19 14:00:00,-10.997177,-10.156005
2018-10-19 14:30:00,-9.493005,-7.5714517
2018-10-19 15:00:00,-6.9502406,-6.4244075
2018-10-19 15:30:00,-9.030118,-3.870116
2018-10-19 16:00:00,-4.3650184,-2.4572847
2018-10-19 16:30:00,-1.5822672,-0.39279667
2018-10-19 17:00:00,0.55124784,0.85879713
2018-10-19 17:30:00,1.6986897,1.5520852
2018-10-19 18:00:00,2.0108442,2.326643
2018-10-19 18:30:00,2.8560894,2.4031677
2018-10-19 19:00:00,-6.1322737,2.2576554
2018-10-19 19:30:00,-1.9058388,1.741448
2018-10-19 20:00:00,2.3205957,1.0205983
2018-10-19 20:30:00,4.509479,0.53879523
2018-10-19 21:00:00,6.6983624,-0.22929147
2018-10-19 21:30:00,3.5425174,-1.2542213
2018-10-19 22:00:00,0.3866722,-1.0980347
2018-10-19 22:30:00,2.6484625,-1.4430555
2018-10-19 23:00:00,4.8468666,-0.8165923
2018-10-19 23:30:00,3.4768593,1.1341662
2018-10-20 00:00:00,2.1068518,2.1263258
2018-10-20 00:30:00,0.73684007,2.0503345
2018-10-20 01:00:00,0.6003637,2.3272634
2018-10-20 01:30:00,0.4638872,2.9465303
2018-10-20 02:00:00,1.5976006,3.3118904
2018-10-20 02:30:00,2.731314,3.6969562
2018-10-20 03:00:00,5.351884,3.5779529
2018-10-20 03:30:00,2.5948682,3.4435823
2018-10-20 04:00:00,3.5090263,3.2866006
2018-10-20 04:30:00,3.2178228,2.6093132
2018-10-20 05:00:00,2.5013816,1.9161737
2018-10-20 05:30:00,2.6731799,1.7924383
2018-10-20 06:00:00,2.6794891,0.9730642
2018-10-20 06:30:00,2.8884573,0.3469112
2018-10-20 07:00:00,2.2948778,-0.4674294
2018-10-20 07:30:00,1.9142599,-0.38293505
2018-10-20 08:00:00,1.2598242,-0.92278045
2018-10-20 08:30:00,0.36759564,-1.5495145
2018-10-20 09:00:00,-1.0549662,-2.9771972
2018-10-20 09:30:00,-3.3327699,-3.9523077
2018-10-20 10:00:00,-4.5851502,-4.8902483
2018-10-20 10:30:00,-5.49476,-5.2553988
2018-10-20 11:00:00,-6.300703,-6.859961
2018-10-20 11:30:00,-5.934731,-8.144757
2018-10-20 12:00:00,-8.977043,-8.081188
2018-10-20 12:30:00,-5.860837,-8.833401
2018-10-20 13:00:00,-10.005499,-8.799334
2018-10-20 13:30:00,-8.2422285,-8.441659
2018-10-20 14:00:00,-5.768054,-8.256001
2018-10-20 14:30:00,-6.2050185,-7.26863
2018-10-20 15:00:00,-3.64305,-6.794456
2018-10-20 15:30:00,-1.5690193,-6.6238594
2018-10-20 16:00:00,-1.9357164,-4.6528273
2018-10-20 16:30:00,-0.52068293,-3.2821467
2018-10-20 17:00:00,0.8943549,-1.2114323
2018-10-20 17:30:00,2.1192782,-0.016919583
2018-10-20 18:00:00,1.6448375,0.65055865
2018-10-20 18:30:00,2.2608712,1.7601794
2018-10-20 19:00:00,1.5124159,1.879611
2018-10-20 19:30:00,2.8333383,2.9480553
2018-10-20 20:00:00,2.563518,3.3175619
2018-10-20 20:30:00,2.3892686,3.5057144
2018-10-20 21:00:00,2.595423,3.1103544
2018-10-20 21:30:00,2.8015773,2.853105
2018-10-20 22:00:00,4.0954795,2.0943248
2018-10-20 22:30:00,4.408329,2.3891158
2018-10-20 23:00:00,3.3857322,1.7260854
2018-10-20 23:30:00,3.719537,1.8131621
2018-10-21 00:00:00,3.1638176,1.5668011
2018-10-21 00:30:00,3.1377547,1.1828756
2018-10-21 01:00:00,2.7091746,0.9345222
2018-10-21 01:30:00,3.389918,0.7153254
2018-10-21 02:00:00,3.1682396,0.6330507
2018-10-21 02:30:00,2.836436,0.9763674
2018-10-21 03:00:00,2.33993,1.4780685
2018-10-21 03:30:00,2.9838402,2.222102
2018-10-21 04:00:00,3.4179125,1.7470058
2018-10-21 04:30:00,3.106942,2.5161414
2018-10-21 05:00:00,2.9782386,2.3965306
2018-10-21 05:30:00,2.3451996,1.9916147
2018-10-21 06:00:00,3.3856144,1.3947669
2018-10-21 06:30:00,3.1121764,-0.1548772
2018-10-21 07:00:00,2.6770294,-1.0922148
2018-10-21 07:30:00,2.053323,-2.0467284
2018-10-21 08:00:00,0.4908286,-2.7587605
2018-10-21 08:30:00,-2.1090658,-2.7519138
2018-10-21 09:00:00,-2.6653047,-3.4728684
2018-10-21 09:30:00,-3.6098692,-4.40214
2018-10-21 10:00:00,-5.606139,-4.480181
2018-10-21 10:30:00,-4.2880654,-4.6282234
2018-10-21 11:00:00,-5.709155,-5.3020153
2018-10-21 11:30:00,-4.9195538,-6.0615687
2018-10-21 12:00:00,-5.676988,-6.64083
2018-10-21 12:30:00,-4.032463,-6.27786
2018-10-21 13:00:00,-1.9770547,-5.9550004
2018-10-21 13:30:00,-0.78839254,-5.720428
2018-10-21 14:00:00,0.51800156,-4.337815
2018-10-21 14:30:00,1.8244001,-4.335189
2018-10-21 15:00:00,-1.3372868,-3.22888
2018-10-21 15:30:00,0.15438487,-2.3534646
2018-10-21 16:00:00,1.062225,-1.3265252
2018-10-21 16:30:00,10.1350565,0.10439084
2018-10-21 17:00:00,19.207886,1.2418268
2018-10-21 17:30:00,28.280712,2.5435371
2018-10-21 18:00:00,23.532022,3.6385643
2018-10-21 18:30:00,18.783335,4.3928657
2018-10-21 19:00:00,14.034642,4.584898
2018-10-21 19:30:00,9.285953,4.898215
2018-10-21 20:00:00,4.5372596,4.746817
2018-10-21 20:30:00,3.3642569,4.218861
2018-10-21 21:00:00,2.19125,3.6008089
2018-10-21 21:30:00,2.6346247,3.703685
2018-10-21 22:00:00,3.0779996,3.315635
2018-10-21 22:30:00,3.5213785,3.3083687
2018-10-21 23:00:00,2.8972003,2.8640983
2018-10-21 23:30:00,2.9337676,2.8479273
2018-10-22 00:00:00,3.200057,3.5310304
2018-10-22 00:30:00,4.606561,2.8770359
2018-10-22 01:00:00,-24.000635,2.414965
2018-10-22 01:30:00,-11.018504,2.4678295
2018-10-22 02:00:00,1.9636247,2.4426708
2018-10-22 02:30:00,2.6609194,2.5804143
2018-10-22 03:00:00,2.650031,2.5053315
2018-10-22 03:30:00,2.6391428,2.829895
2018-10-22 04:00:00,2.6282544,2.6571925
2018-10-22 04:30:00,2.6173615,2.392122
2018-10-22 05:00:00,3.4478686,2.461826
2018-10-22 05:30:00,3.8168423,2.3395936
2018-10-22 06:00:00,4.185816,1.5730492
2018-10-22 06:30:00,4.554785,0.88831645
2018-10-22 07:00:00,4.923758,0.41596866
2018-10-22 07:30:00,25.575329,-0.058004513
2018-10-22 08:00:00,19.156437,-1.5023388
2018-10-22 08:30:00,6.391621,-2.5596802
2018-10-22 09:00:00,-0.7872478,-2.4458327
2018-10-22 09:30:00,-3.4913638,-3.4558935
2018-10-22 10:00:00,-6.1954846,-3.925873
2018-10-22 10:30:00,-6.3959413,-4.386795
2018-10-22 11:00:00,-4.480767,-4.1861897
2018-10-22 11:30:00,-7.3191876,-4.8237514
2018-10-22 12:00:00,-7.1485605,-4.4947615
2018-10-22 12:30:00,-7.2509255,-3.7413297
2018-10-22 13:00:00,-6.369284,-2.9800503
2018-10-22 13:30:00,-7.149614,-2.3251383
2018-10-22 14:00:00,-2.2092679,-2.849525
2018-10-22 14:30:00,-4.232723,-2.3312685
2018-10-22 15:00:00,-4.5545387,-2.5142958
2018-10-22 15:30:00,-5.3309536,-1.9989364
2018-10-22 16:00:00,-4.1873565,-1.1188635
2018-10-22 16:30:00,-0.60967773,0.74094725
2018-10-22 17:00:00,0.43456456,2.004037
2018-10-22 17:30:00,-0.7162766,1.549717
2018-10-22 18:00:00,3.5605452,3.0866377
2018-10-22 18:30:00,-10.911245,4.906958
2018-10-22 19:00:00,-4.512663,6.334798
2018-10-22 19:30:00,1.8859247,6.385286
2018-10-22 20:00:00,1.6766726,6.8101387
2018-10-22 20:30:00,6.6900125,7.238719
2018-10-22 21:00:00,11.703348,7.3997903
2018-10-22 21:30:00,2.1851025,8.277836
2018-10-22 22:00:00,3.7413313,9.4323435
2018-10-22 22:30:00,3.5708308,10.349202
2018-10-22 23:00:00,2.596262,9.5834875
2018-10-22 23:30:00,4.68351,6.441541
2018-10-23 00:00:00,4.480043,4.884587
2018-10-23 00:30:00,4.27658,5.029911
2018-10-23 01:00:00,4.0731173,7.9009886
2018-10-23 01:30:00,3.8696501,7.7649274
2018-10-23 02:00:00,3.6661873,10.174629
2018-10-23 02:30:00,3.4627202,11.718763
2018-10-23 03:00:00,3.2592573,11.300521
2018-10-23 03:30:00,3.0557902,9.678953
2018-10-23 04:00:00,2.8523273,8.4489565
2018-10-23 04:30:00,2.6488645,9.436446
2018-10-23 05:00:00,2.4453974,9.339355
2018-10-23 05:30:00,2.2419343,7.658735
2018-10-23 06:00:00,3.5986547,6.299725
2018-10-23 06:30:00,4.588778,4.371683
2018-10-23 07:00:00,5.5788975,0.69380206
2018-10-23 07:30:00,2.269164,0.9000175
2018-10-23 08:00:00,0.12904267,0.98493135
2018-10-23 08:30:00,-2.0110788,0.54306406
2018-10-23 09:00:00,-2.808877,-1.2579745
2018-10-23 09:30:00,-5.272483,-1.8122824
2018-10-23 10:00:00,-6.584068,-2.6182513
2018-10-23 10:30:00,-8.963918,-3.7268016
2018-10-23 11:00:00,-4.6818175,-5.6597376
2018-10-23 11:30:00,-10.792164,-5.636248
2018-10-23 12:00:00,-12.713792,-5.3539143
2018-10-23 12:30:00,-10.248539,-5.9081697
2018-10-23 13:00:00,-9.910168,-5.0967216
2018-10-23 13:30:00,-9.914345,-5.1843357
2018-10-23 14:00:00,-8.141311,-5.048497
2018-10-23 14:30:00,-6.858139,-3.995053
2018-10-23 15:00:00,-5.1203074,-3.1502929
2018-10-23 15:30:00,-3.5434728,-2.333724
2018-10-23 16:00:00,-1.8650947,-0.11821843
2018-10-23 16:30:00,-0.22720292,1.1077929
2018-10-23 17:00:00,0.33084074,1.6686984
2018-10-23 17:30:00,0.8888844,3.5695374
2018-10-23 18:00:00,-3.3279111,4.573075
2018-10-23 18:30:00,-14.108608,3.6335394
2018-10-23 19:00:00,9.516383,3.276302
2018-10-23 19:30:00,-10.152182,3.3939161
2018-10-23 20:00:00,14.124366,4.7178617
2018-10-23 20:30:00,7.532662,5.1978602
2018-10-23 21:00:00,0.9409539,3.385457
2018-10-23 21:30:00,-10.435987,3.4791882
2018-10-23 22:00:00,1.0034661,3.958741
2018-10-23 22:30:00,-3.6295006,4.9785976
2018-10-23 23:00:00,-8.262467,5.07987
2018-10-23 23:30:00,-12.895434,5.86027
2018-10-24 00:00:00,-6.419348,8.519342
2018-10-24 00:30:00,0.056738794,10.443099
2018-10-24 01:00:00,6.5328255,10.594732
2018-10-24 01:30:00,5.1735883,11.674035
2018-10-24 02:00:00,6.9149857,10.933846
2018-10-24 02:30:00,3.8762128,10.531595
2018-10-24 03:00:00,0.8374398,12.439268
2018-10-24 03:30:00,-2.201333,12.053669
2018-10-24 04:00:00,9.718343,13.639692
2018-10-24 04:30:00,8.359079,13.841985
2018-10-24 05:00:00,-2.456118,13.595059
2018-10-24 05:30:00,-1.7717568,16.344334
2018-10-24 06:00:00,-1.0873998,15.251591
2018-10-24 06:30:00,-0.4030384,12.043126
2018-10-24 07:00:00,0.28132302,8.72915
2018-10-24 07:30:00,0.96568435,5.6481776
2018-10-24 08:00:00,1.6500458,4.960587
2018-10-24 08:30:00,-0.5999341,2.552477
2018-10-24 09:00:00,-2.8499138,2.9081414
2018-10-24 09:30:00,-7.252293,1.2106123
2018-10-24 10:00:00,-8.065773,-1.6855322
2018-10-24 10:30:00,-13.303478,-4.2777405
2018-10-24 11:00:00,-14.410176,-3.7267141
2018-10-24 11:30:00,-7.1237864,-7.0902867
2018-10-24 12:00:00,-10.801536,-9.283784
2018-10-24 12:30:00,-8.947406,-9.726993
2018-10-24 13:00:00,-10.052796,-9.664205
2018-10-24 13:30:00,-8.686268,-10.328031
2018-10-24 14:00:00,-6.8041296,-9.512191
2018-10-24 14:30:00,-6.409373,-8.793282
2018-10-24 15:00:00,-5.1131988,-8.215908
2018-10-24 15:30:00,-2.9695158,-6.6583643
2018-10-24 16:00:00,-1.4350902,-4.7378325
2018-10-24 16:30:00,-0.13475639,-3.5216608
2018-10-24 17:00:00,0.9353655,-2.4360147
2018-10-24 17:30:00,1.0309886,-0.9592426
2018-10-24 18:00:00,2.1214323,-0.11578033
2018-10-24 18:30:00,2.946714,-1.8350337
2018-10-24 19:00:00,4.2363076,1.5422279
2018-10-24 19:30:00,5.5259013,0.1655398
2018-10-24 20:00:00,1.1582675,1.2289504
2018-10-24 20:30:00,2.4315553,0.6734278
2018-10-24 21:00:00,3.7048428,-0.27017543
2018-10-24 21:30:00,3.979386,-0.5708561
2018-10-24 22:00:00,3.900642,0.6476924
2018-10-24 22:30:00,2.7991,0.21752186
2018-10-24 23:00:00,3.186949,0.16571894
2018-10-24 23:30:00,4.3460526,0.3145562
2018-10-25 00:00:00,4.867424,-0.19989891
2018-10-25 00:30:00,3.8242831,-1.4843546
2018-10-25 01:00:00,3.3510485,1.873376
2018-10-25 01:30:00,2.557213,1.7988569
2018-10-25 02:00:00,2.3831124,1.1075307
2018-10-25 02:30:00,2.348516,0.7802975
2018-10-25 03:00:00,2.440071,0.38588136
2018-10-25 03:30:00,2.760309,-1.2770817
2018-10-25 04:00:00,4.162868,0.38754606
2018-10-25 04:30:00,2.6043584,1.501392
2018-10-25 05:00:00,1.0458487,0.8299901
2018-10-25 05:30:00,2.6759632,1.240682
2018-10-25 06:00:00,1.7811741,1.6807885
2018-10-25 06:30:00,1.4224336,0.06061003
2018-10-25 07:00:00,3.2214582,0.6966858
2018-10-25 07:30:00,5.020478,-0.4182481
2018-10-25 08:00:00,6.8195024,-1.0888679
2018-10-25 08:30:00,8.618526,-0.85890067
2018-10-25 09:00:00,10.417551,-1.1233463
2018-10-25 09:30:00,12.216576,-2.8400784
2018-10-25 10:00:00,14.0156,-3.4252732
2018-10-25 10:30:00,15.81462,-4.0146103
2018-10-25 11:00:00,17.613646,-4.920563
2018-10-25 11:30:00,19.412668,-4.5837083
2018-10-25 12:00:00,21.211693,-3.9735034
2018-10-25 12:30:00,-5.6980567,-2.8088813
2018-10-25 13:00:00,-32.60781,-2.4116468
2018-10-25 13:30:00,-15.778473,-2.5756764
2018-10-25 14:00:00,1.0508647,-1.5656462
2018-10-25 14:30:00,3.270408,-1.5306871
2018-10-25 15:00:00,5.588986,-1.3717828
2018-10-25 15:30:00,5.734734,-0.9771613
2018-10-25 16:00:00,1.6857827,-0.07522847
2018-10-25 16:30:00,1.9594345,1.5792799
2018-10-25 17:00:00,1.9988548,2.4397216
2018-10-25 17:30:00,2.3083572,3.3016922
2018-10-25 18:00:00,2.6942751,3.4081688
2018-10-25 18:30:00,3.0801928,4.8777313
2018-10-25 19:00:00,1.7566926,4.600667
2018-10-25 19:30:00,2.3455186,4.0959425
2018-10-25 20:00:00,3.6685686,2.9438477
2018-10-25 20:30:00,10.220398,3.2476697
2018-10-25 21:00:00,16.772226,2.3441904
2018-10-25 21:30:00,3.221008,2.6451724
2018-10-25 22:00:00,1.2417438,2.2349565
2018-10-25 22:30:00,2.5683112,2.9581308
2018-10-25 23:00:00,2.5166352,3.1955478
2018-10-25 23:30:00,2.4924421,3.5319347
2018-10-26 00:00:00,2.6439228,3.2259455
2018-10-26 00:30:00,2.9184356,3.3292148
2018-10-26 01:00:00,3.1382265,2.565882
2018-10-26 01:30:00,3.2902403,3.0291722
2018-10-26 02:00:00,7.089733,3.3923998
2018-10-26 02:30:00,10.889226,3.341248
2018-10-26 03:00:00,-19.240252,4.197788
2018-10-26 03:30:00,3.1584477,4.460499
2018-10-26 04:00:00,10.494766,5.0291424
2018-10-26 04:30:00,2.7963736,3.433061
2018-10-26 05:00:00,2.2809658,3.505793
2018-10-26 05:30:00,2.3577397,3.260616
2018-10-26 06:00:00,2.3033412,2.3348093
2018-10-26 06:30:00,2.9326708,1.1470777
2018-10-26 07:00:00,2.2733018,-0.04778899
2018-10-26 07:30:00,1.441733,-0.96775407
2018-10-26 08:00:00,0.4761913,-1.9117068
2018-10-26 08:30:00,-1.4795439,-2.8492541
2018-10-26 09:00:00,-2.3515685,-3.369232
2018-10-26 09:30:00,-3.2688682,-4.5731125
2018-10-26 10:00:00,-3.8771725,-4.522332
2018-10-26 10:30:00,-6.562881,-5.455384
2018-10-26 11:00:00,-6.5212717,-6.244548
2018-10-26 11:30:00,-5.103516,-8.147091
2018-10-26 12:00:00,-7.718607,-8.307569
2018-10-26 12:30:00,-7.898261,-7.8836064
2018-10-26 13:00:00,-7.907188,-10.413018
2018-10-26 13:30:00,-7.7227316,-11.322855
2018-10-26 14:00:00,-7.3317146,-9.083327
2018-10-26 14:30:00,-6.474297,-9.485498
2018-10-26 15:00:00,-5.738591,-10.066568
2018-10-26 15:30:00,-3.6863675,-8.518498
2018-10-26 16:00:00,-2.459028,-7.225933
2018-10-26 16:30:00,-0.55735487,-4.5184126
2018-10-26 17:00:00,0.2655497,-3.7059772
2018-10-26 17:30:00,0.25060654,-2.8848772
2018-10-26 18:00:00,0.235659,-1.8542106
2018-10-26 18:30:00,-9.522241,-0.7462546
2018-10-26 19:00:00,-4.118806,-1.3631402
2018-10-26 19:30:00,1.2846246,1.8986657
2018-10-26 20:00:00,-0.6156419,-0.5323447
2018-10-26 20:30:00,-2.5159125,0.30045196
2018-10-26 21:00:00,-2.2972226,0.047812227
2018-10-26 21:30:00,-0.23274325,1.9264548
2018-10-26 22:00:00,1.8317361,0.12840037
2018-10-26 22:30:00,4.0546656,-0.32277358
2018-10-26 23:00:00,0.64520186,1.4786015
2018-10-26 23:30:00,9.947419,3.7395005
2018-10-27 00:00:00,1.4352314,4.0936007
2018-10-27 00:30:00,4.9810357,4.6126738
2018-10-27 01:00:00,5.7844224,4.466039
2018-10-27 01:30:00,6.587809,4.7891254
2018-10-27 02:00:00,7.8260283,4.799162
2018-10-27 02:30:00,-2.762125,5.9447556
2018-10-27 03:00:00,0.42748624,3.7544699
2018-10-27 03:30:00,-0.888586,5.6241593
2018-10-27 04:00:00,7.868245,5.593399
2018-10-27 04:30:00,16.625076,5.420587
2018-10-27 05:00:00,5.281625,4.035615
2018-10-27 05:30:00,-2.5715735,3.4619205
2018-10-27 06:00:00,-6.684825,4.0269113
2018-10-27 06:30:00,-10.7980795,2.754406
2018-10-27 07:00:00,-9.249501,1.3192691
2018-10-27 07:30:00,-7.7009244,-1.3643899
2018-10-27 08:00:00,-6.1523504,-1.1181338
2018-10-27 08:30:00,-4.6037726,-2.6114044
2018-10-27 09:00:00,-3.0551941,-5.362452
2018-10-27 09:30:00,-3.9762473,-6.1778064
2018-10-27 10:00:00,-4.2490296,-7.0766983
2018-10-27 10:30:00,-7.520261,-9.780787
2018-10-27 11:00:00,-6.6464705,-10.895236
2018-10-27 11:30:00,-7.2973676,-9.937647
2018-10-27 12:00:00,-7.9204183,-10.052045
2018-10-27 12:30:00,-8.328383,-9.93084
2018-10-27 13:00:00,-8.613592,-9.544214
2018-10-27 13:30:00,-8.016521,-8.31649
2018-10-27 14:00:00,-6.868036,-7.0295444
2018-10-27 14:30:00,-6.1640606,-6.2434206
2018-10-27 15:00:00,-4.3878393,-5.2678294
2018-10-27 15:30:00,-2.6073759,-5.5265512
2018-10-27 16:00:00,-1.2181567,-5.427223
2018-10-27 16:30:00,-0.6479269,-4.5577283
2018-10-27 17:00:00,0.47737977,-3.9108558
2018-10-27 17:30:00,1.0635052,-2.4692347
2018-10-27 18:00:00,1.219045,-0.33039808
2018-10-27 18:30:00,-1.0489714,0.7492403
2018-10-27 19:00:00,-3.3169878,2.3686674
2018-10-27 19:30:00,-2.8986537,0.918928
2018-10-27 20:00:00,-2.4803154,1.7931024
2018-10-27 20:30:00,-2.0619774,0.34690246
2018-10-27 21:00:00,-1.643639,1.0467051
2018-10-27 21:30:00,-1.2253006,0.4589193
2018-10-27 22:00:00,-11.724345,1.6809938
2018-10-27 22:30:00,-6.0703993,2.795849
2018-10-27 23:00:00,-0.4164523,1.9541607
2018-10-27 23:30:00,5.2374945,3.4212158
2018-10-28 00:00:00,1.3485261,4.513617
2018-10-28 00:30:00,-2.540442,4.0483694
2018-10-28 01:00:00,0.18226127,2.8725922
2018-10-28 01:30:00,2.9049647,3.0416727
2018-10-28 02:00:00,3.4179213,5.3066173
2018-10-28 02:30:00,3.9308734,4.308354
2018-10-28 03:00:00,3.8713148,4.6593385
2018-10-28 03:30:00,2.734486,5.701025
2018-10-28 04:00:00,2.6816127,6.0051746
2018-10-28 04:30:00,2.1807067,2.6521502
2018-10-28 05:00:00,2.6489563,4.04175
2018-10-28 05:30:00,3.1242883,2.3497567
2018-10-28 06:00:00,2.9897125,0.90898776
2018-10-28 06:30:00,3.2568324,-3.9825697
2018-10-28 07:00:00,3.065844,-3.8809912
2018-10-28 07:30:00,1.4574014,-5.1265206
2018-10-28 08:00:00,-0.024836833,-5.5186777
2018-10-28 08:30:00,-1.5070752,-5.91184
2018-10-28 09:00:00,-1.8588028,-5.10955
2018-10-28 09:30:00,-3.9242783,-8.047037
2018-10-28 10:00:00,-4.597996,-9.059099
2018-10-28 10:30:00,-4.907245,-11.628971
2018-10-28 11:00:00,-6.0278373,-10.652585
2018-10-28 11:30:00,-5.6133614,-10.7709465
2018-10-28 12:00:00,-3.6229904,-10.75883
2018-10-28 12:30:00,-4.586719,-11.384083
2018-10-28 13:00:00,-3.753188,-10.65532
2018-10-28 13:30:00,-4.7522473,-10.885768
2018-10-28 14:00:00,-4.6012907,-7.5164814
2018-10-28 14:30:00,-3.1915395,-5.6423783
2018-10-28 15:00:00,-2.919395,-4.5321064
2018-10-28 15:30:00,2.8883612,-2.2843637
2018-10-28 16:00:00,0.7290277,-1.2330606
2018-10-28 16:30:00,0.14960043,-0.29847565
2018-10-28 17:00:00,1.5603694,1.1697632
2018-10-28 17:30:00,1.3520916,1.4476403
2018-10-28 18:00:00,2.7675533,1.9164402
2018-10-28 18:30:00,2.1391807,2.4580379
2018-10-28 19:00:00,0.5086249,2.898804
2018-10-28 19:30:00,-1.2227095,2.794547
2018-10-28 20:00:00,-0.31503984,3.223433
2018-10-28 20:30:00,-1.0159261,3.3012118
2018-10-28 21:00:00,-1.7168167,3.7275066
2018-10-28 21:30:00,0.0037561452,3.051259
2018-10-28 22:00:00,1.724329,3.3982418
2018-10-28 22:30:00,2.6968923,3.0829806
2018-10-28 23:00:00,1.809955,2.2990286
2018-10-28 23:30:00,-0.17235458,2.0537205
2018-10-29 00:00:00,4.5689588,1.2420322
2018-10-29 00:30:00,4.2537937,1.1144736
2018-10-29 01:00:00,1.9367008,0.32728848
2018-10-29 01:30:00,-0.38038772,-0.3372798
2018-10-29 02:00:00,1.079746,-0.34922558
2018-10-29 02:30:00,2.4511387,-1.5359696
2018-10-29 03:00:00,2.713321,0.13227598
2018-10-29 03:30:00,2.6519012,0.67476046
2018-10-29 04:00:00,2.7399871,1.3302056
2018-10-29 04:30:00,1.7164073,1.4778544
2018-10-29 05:00:00,1.8159934,2.335469
2018-10-29 05:30:00,2.031533,3.1656396
2018-10-29 06:00:00,2.6941178,3.199961
2018-10-29 06:30:00,2.0819814,1.3846912
2018-10-29 07:00:00,1.6823046,0.03740445
2018-10-29 07:30:00,0.51406914,-0.19706321
2018-10-29 08:00:00,-0.18549319,-0.790953
2018-10-29 08:30:00,-1.7183722,-1.4330192
2018-10-29 09:00:00,-2.8174758,-2.6638846
2018-10-29 09:30:00,-3.917733,-3.7402198
2018-10-29 10:00:00,-4.218899,-4.792869
2018-10-29 10:30:00,-5.1234884,-5.226937
2018-10-29 11:00:00,-5.453985,-6.0202785
2018-10-29 11:30:00,-6.1850986,-6.0666065
2018-10-29 12:00:00,-5.7782083,-5.7546268
2018-10-29 12:30:00,-5.727987,-5.707757
2018-10-29 13:00:00,-4.5576406,-4.981087
2018-10-29 13:30:00,-3.9390335,-4.6068225
2018-10-29 14:00:00,-2.9596717,-4.1347275
2018-10-29 14:30:00,-3.6435611,-3.0355017
2018-10-29 15:00:00,-3.3231223,-2.6021895
2018-10-29 15:30:00,2.9478543,-1.082681
2018-10-29 16:00:00,9.218831,-0.9946911
2018-10-29 16:30:00,1.5584949,-0.58443165
2018-10-29 17:00:00,0.88257074,0.0982257
2018-10-29 17:30:00,0.15006796,0.5458998
2018-10-29 18:00:00,1.1200533,1.0671012
2018-10-29 18:30:00,-0.3588993,2.1068475
2018-10-29 19:00:00,-0.7715138,2.906341
2018-10-29 19:30:00,-1.0123432,2.9687834
2018-10-29 20:00:00,-1.2531726,2.7485204
2018-10-29 20:30:00,19.686491,2.0512693
2018-10-29 21:00:00,-5.6070175,1.8888478
2018-10-29 21:30:00,1.7252771,2.1500907
2018-10-29 22:00:00,2.0102456,1.6978158
2018-10-29 22:30:00,2.29521,1.7496144
2018-10-29 23:00:00,2.5801785,2.2754297
2018-10-29 23:30:00,-4.9855003,1.7430997
2018-10-30 00:00:00,-4.3530245,1.8967782
2018-10-30 00:30:00,-3.720549,1.748155
2018-10-30 01:00:00,-3.0880735,1.4197989
2018-10-30 01:30:00,1.6463231,1.0259376
2018-10-30 02:00:00,6.380724,1.861203
2018-10-30 02:30:00,9.746049,1.7770189
2018-10-30 03:00:00,13.111378,1.7846608
2018-10-30 03:30:00,6.96314,1.8631605
2018-10-30 04:00:00,0.8149071,1.9838723
2018-10-30 04:30:00,-5.3333306,1.9768507
2018-10-30 05:00:00,1.9461955,1.6259881
2018-10-30 05:30:00,9.225721,1.349553
2018-10-30 06:00:00,-3.7635214,0.83113486
2018-10-30 06:30:00,1.9634413,0.451037
2018-10-30 07:00:00,1.9835052,0.3352363
2018-10-30 07:30:00,2.0035648,0.2363144
2018-10-30 08:00:00,3.3814023,0.0052985228
2018-10-30 08:30:00,4.759239,-0.5367272
2018-10-30 09:00:00,-0.8908143,-1.3851224
2018-10-30 09:30:00,-1.6623921,-2.2104826
2018-10-30 10:00:00,-2.53294,-2.2493827
2018-10-30 10:30:00,-2.7227178,-2.7824643
2018-10-30 11:00:00,-2.2037187,-3.2903392
2018-10-30 11:30:00,-2.4768593,-3.4008486
2018-10-30 12:00:00,-3.0319755,-3.7351644
2018-10-30 12:30:00,-3.406437,-3.8613205
2018-10-30 13:00:00,-3.772151,-3.4761105
2018-10-30 13:30:00,-1.1663494,-3.0114353
2018-10-30 14:00:00,-1.2097938,-2.5167732
2018-10-30 14:30:00,-1.1486886,-2.1305978
2018-10-30 15:00:00,-2.7752156,-1.784607
2018-10-30 15:30:00,-2.6969912,-1.2811059
2018-10-30 16:00:00,-0.6391402,-0.114788495
2018-10-30 16:30:00,1.418711,0.32177436
2018-10-30 17:00:00,1.6802554,0.75735414
2018-10-30 17:30:00,1.9417999,1.0856403
2018-10-30 18:00:00,3.0347517,1.1888791
2018-10-30 18:30:00,1.1724329,1.0068173
2018-10-30 19:00:00,-0.68988574,0.93232447
2018-10-30 19:30:00,-2.5522044,1.5881715
2018-10-30 20:00:00,-0.25552937,1.4252387
2018-10-30 20:30:00,2.04115,1.5043063
2018-10-30 21:00:00,4.3378253,2.1410027
2018-10-30 21:30:00,2.3150947,2.0473151
2018-10-30 22:00:00,2.4069297,2.1118503
2018-10-30 22:30:00,2.2899272,2.1206589
2018-10-30 23:00:00,1.9519149,2.0888283
2018-10-30 23:30:00,1.613907,2.349914
2018-10-31 00:00:00,1.2758946,2.0876398
2018-10-31 00:30:00,-4.2766047,2.5658689
2018-10-31 01:00:00,4.3202124,2.4028268
2018-10-31 01:30:00,13.272493,2.6899712
2018-10-31 02:00:00,8.214746,3.2100322
2018-10-31 02:30:00,3.1569972,3.8208313
2018-10-31 03:00:00,-1.9007485,3.2179844
2018-10-31 03:30:00,-0.7662138,4.5200706
2018-10-31 04:00:00,-5.1114335,4.4368343
2018-10-31 04:30:00,-1.1476749,3.335061
2018-10-31 05:00:00,2.8160837,4.092757
2018-10-31 05:30:00,4.1650524,3.967781
2018-10-31 06:00:00,11.363501,2.9466047
2018-10-31 06:30:00,8.964238,1.8064945
2018-10-31 07:00:00,6.564975,0.975712
2018-10-31 07:30:00,4.1657124,0.023121072
2018-10-31 08:00:00,1.766445,-0.35262492
2018-10-31 08:30:00,1.7740695,0.5529388
2018-10-31 09:00:00,1.0484484,-1.0869803
2018-10-31 09:30:00,4.8319187,-1.9295075
2018-10-31 10:00:00,16.176117,-2.874736
2018-10-31 10:30:00,1.9545933,-3.1538408
2018-10-31 11:00:00,8.240041,-3.1096275
2018-10-31 11:30:00,-2.4890149,-3.9089375
2018-10-31 12:00:00,3.6290915,-3.4416845
2018-10-31 12:30:00,-7.3099904,-3.895196
2018-10-31 13:00:00,9.510227,-3.7340198
2018-10-31 13:30:00,-5.7321773,-3.1493754
2018-10-31 14:00:00,-4.7522736,-2.7148662
2018-10-31 14:30:00,-1.4032902,-2.4589887
2018-10-31 15:00:00,-0.7824546,-2.3182085
2018-10-31 15:30:00,-0.6413249,-1.7560141
2018-10-31 16:00:00,-2.262539,-0.8417204
2018-10-31 16:30:00,12.461988,-0.49983245
2018-10-31 17:00:00,29.906597,0.5047712
2018-10-31 17:30:00,4.385923,0.9823884
2018-10-31 18:00:00,4.365011,1.4401469
2018-10-31 18:30:00,4.3440995,1.4486583
2018-10-31 19:00:00,4.3231835,1.3851326
2018-10-31 19:30:00,7.227376,1.559277
2018-10-31 20:00:00,18.73754,1.411353
2018-10-31 20:30:00,30.74724,1.6106255
2018-10-31 21:00:00,15.469075,1.9005227
2018-10-31 21:30:00,9.568531,2.1693335
2018-10-31 22:00:00,25.338808,1.6888586
2018-10-31 22:30:00,22.515482,1.6646044
2018-10-31 23:00:00,15.038472,2.017918
2018-10-31 23:30:00,6.77223,2.6979322
2018-11-01 00:00:00,4.2844186,3.3173563
2018-11-01 00:30:00,-9.374128,2.524098
2018-11-01 01:00:00,-6.038708,3.199725
2018-11-01 01:30:00,-4.9317703,5.080211
2018-11-01 02:00:00,0.20209809,5.32101
2018-11-01 02:30:00,0.58023846,5.2129955
2018-11-01 03:00:00,0.95837885,4.7334642
2018-11-01 03:30:00,1.4785928,4.0609136
2018-11-01 04:00:00,1.9988067,4.0998926
2018-11-01 04:30:00,-0.69418955,3.1043859
2018-11-01 05:00:00,-1.622583,3.6672666
2018-11-01 05:30:00,0.3790914,2.7904093
2018-11-01 06:00:00,-0.305755,3.0551915
2018-11-01 06:30:00,1.3001008,2.601348
2018-11-01 07:00:00,1.3666633,2.7270496
2018-11-01 07:30:00,10.193186,1.2377284
2018-11-01 08:00:00,22.613474,0.4836148
2018-11-01 08:30:00,-3.6715207,0.28111765
2018-11-01 09:00:00,5.1443224,-0.7620804
2018-11-01 09:30:00,14.291092,-0.32757986
2018-11-01 10:00:00,23.437859,-0.47393098
2018-11-01 10:30:00,-6.6592946,-0.34064856
2018-11-01 11:00:00,-36.756443,-1.0110062
2018-11-01 11:30:00,-3.9952278,-1.6730096
2018-11-01 12:00:00,-2.0555108,-1.4912232
2018-11-01 12:30:00,-1.7415996,-2.9755106
2018-11-01 13:00:00,-1.8995514,-0.81860656
2018-11-01 13:30:00,-1.640423,-2.2266316
2018-11-01 14:00:00,-1.9620723,-2.9672089
2018-11-01 14:30:00,-0.93726045,-1.7745051
2018-11-01 15:00:00,-0.6295014,-1.4275007
2018-11-01 15:30:00,0.30547673,-0.87787235
2018-11-01 16:00:00,1.2262982,-0.43900684
2018-11-01 16:30:00,1.355421,0.7167105
2018-11-01 17:00:00,1.0968432,3.6102772
2018-11-01 17:30:00,2.0846643,4.096323
2018-11-01 18:00:00,1.299489,4.2133775
2018-11-01 18:30:00,0.95499694,4.1314526
2018-11-01 19:00:00,1.8248413,4.6889105
2018-11-01 19:30:00,2.6719608,3.8952806
2018-11-01 20:00:00,1.9833043,5.7642097
2018-11-01 20:30:00,2.0078511,3.3785973
2018-11-01 21:00:00,2.0319045,5.0505347
2018-11-01 21:30:00,1.1689374,5.6687617
2018-11-01 22:00:00,0.27575645,3.8727698
2018-11-01 22:30:00,1.6663346,5.6804714
2018-11-01 23:00:00,4.5750194,5.059072
2018-11-01 23:30:00,1.8472517,7.0934076
2018-11-02 00:00:00,2.65184,8.598702
2018-11-02 00:30:00,2.362371,9.217927
2018-11-02 01:00:00,2.225095,8.801663
2018-11-02 01:30:00,2.9948466,8.557959
2018-11-02 02:00:00,2.0524883,9.153701
2018-11-02 02:30:00,1.5804858,10.366767
2018-11-02 03:00:00,1.690838,10.389946
2018-11-02 03:30:00,0.94648546,9.684406
2018-11-02 04:00:00,1.2101666,9.675327
2018-11-02 04:30:00,1.2315981,10.694699
2018-11-02 05:00:00,3.1999784,10.834299
2018-11-02 05:30:00,3.266362,10.464194
2018-11-02 06:00:00,2.193426,10.70532
2018-11-02 06:30:00,-1.8019708,8.6978035
2018-11-02 07:00:00,2.4202912,5.0783806
2018-11-02 07:30:00,0.91733325,5.347047
2018-11-02 08:00:00,1.4135114,5.7430754
2018-11-02 08:30:00,0.31301382,5.149915
2018-11-02 09:00:00,-0.7874794,4.1407022
2018-11-02 09:30:00,-0.2445536,4.663485
2018-11-02 10:00:00,0.8201503,4.5586734
2018-11-02 10:30:00,-1.3627601,0.12135263
2018-11-02 11:00:00,-0.60553557,-5.078305
2018-11-02 11:30:00,-0.6187703,-5.6501384
2018-11-02 12:00:00,-0.9401005,-4.9007087
2018-11-02 12:30:00,-2.4090865,-4.5162454
2018-11-02 13:00:00,-0.2904754,-3.372745
2018-11-02 13:30:00,-1.8743752,-1.9645934
2018-11-02 14:00:00,-1.4427847,-2.2439342
2018-11-02 14:30:00,-1.3855331,-2.4077275
2018-11-02 15:00:00,-0.8526787,-1.3045866
2018-11-02 15:30:00,-0.011335564,0.14216381
2018-11-02 16:00:00,1.3685902,2.2626712
2018-11-02 16:30:00,3.6223016,3.040799
2018-11-02 17:00:00,1.8255754,4.095554
2018-11-02 17:30:00,1.3694422,6.3108497
2018-11-02 18:00:00,2.9965987,7.0506363
2018-11-02 18:30:00,2.5189202,8.100633
2018-11-02 19:00:00,0.80297005,8.326558
2018-11-02 19:30:00,4.0517206,8.297135
2018-11-02 20:00:00,2.7256339,7.599644
2018-11-02 20:30:00,0.56706923,6.195355
2018-11-02 21:00:00,1.1472349,5.2729692
2018-11-02 21:30:00,2.9083424,4.9775143
2018-11-02 22:00:00,3.4416642,6.14869
2018-11-02 22:30:00,1.1695842,6.330822
2018-11-02 23:00:00,1.2897717,6.7749963
2018-11-02 23:30:00,5.356965,7.8326917
2018-11-03 00:00:00,2.9233773,8.382573
2018-11-03 00:30:00,3.7288785,9.076027
2018-11-03 01:00:00,2.4456594,10.3433075
2018-11-03 01:30:00,2.264406,11.599546
2018-11-03 02:00:00,1.2117308,11.815221
2018-11-03 02:30:00,3.073556,11.370947
2018-11-03 03:00:00,2.8436453,12.007096
2018-11-03 03:30:00,3.5558746,12.520704
2018-11-03 04:00:00,3.0767019,12.791227
2018-11-03 04:30:00,3.1584697,14.78325
2018-11-03 05:00:00,2.6385877,14.136365
2018-11-03 05:30:00,4.132942,14.033869
2018-11-03 06:00:00,1.912984,14.328432
2018-11-03 06:30:00,3.5016553,11.420709
2018-11-03 07:00:00,2.7963386,9.778806
2018-11-03 07:30:00,3.06757,11.24645
2018-11-03 08:00:00,3.1365225,12.777337
2018-11-03 08:30:00,2.1716797,11.406818
2018-11-03 09:00:00,1.2068415,10.675906
2018-11-03 09:30:00,0.62298375,8.847703
2018-11-03 10:00:00,0.52696306,5.129078
2018-11-03 10:30:00,-1.0749778,4.147431
2018-11-03 11:00:00,-0.67087036,2.8066633
2018-11-03 11:30:00,-1.5803927,2.5506504
2018-11-03 12:00:00,-1.815389,0.95866287
2018-11-03 12:30:00,-1.7406908,-0.36448333
2018-11-03 13:00:00,-1.6985266,0.3355902
2018-11-03 13:30:00,-1.3250177,-0.47521555
2018-11-03 14:00:00,-0.89612746,-0.55859137
2018-11-03 14:30:00,0.6195407,0.14868724
2018-11-03 15:00:00,1.8179595,0.74208325
2018-11-03 15:30:00,2.1623816,2.776091
2018-11-03 16:00:00,3.133818,3.4490223
2018-11-03 16:30:00,4.2962947,3.5604186
2018-11-03 17:00:00,5.4587665,2.5222979
2018-11-03 17:30:00,3.466373,3.3042746
2018-11-03 18:00:00,4.50026,4.2053075
2018-11-03 18:30:00,4.567373,4.526546
2018-11-03 19:00:00,5.1685896,5.3545055
2018-11-03 19:30:00,5.5619617,6.311195
2018-11-03 20:00:00,4.1291714,6.1761036
2018-11-03 20:30:00,4.5502625,6.1816087
2018-11-03 21:00:00,3.9421332,5.6061096
2018-11-03 21:30:00,1.9396589,5.872539
2018-11-03 22:00:00,3.4714632,5.298075
2018-11-03 22:30:00,0.39951807,4.6072645
2018-11-03 23:00:00,4.616969,4.587463
2018-11-03 23:30:00,2.8077075,4.9658656
2018-11-04 00:00:00,2.339668,4.486872
2018-11-04 00:30:00,3.5033026,3.5587015
2018-11-04 01:00:00,3.0070808,4.0511436
2018-11-04 01:30:00,2.1662705,6.004694
2018-11-04 02:00:00,19.798166,5.3581886
2018-11-04 02:30:00,18.987387,4.5415545
2018-11-04 03:00:00,18.176603,3.912107
2018-11-04 03:30:00,17.365824,3.6000223
2018-11-04 04:00:00,16.55504,2.1233287
2018-11-04 04:30:00,15.744261,1.3874439
2018-11-04 05:00:00,14.933476,1.7944701
2018-11-04 05:30:00,14.122697,1.789738
2018-11-04 06:00:00,13.311917,1.016915
2018-11-04 06:30:00,12.501134,0.722631
2018-11-04 07:00:00,11.690354,-0.076167874
2018-11-04 07:30:00,10.87957,0.06209561
2018-11-04 08:00:00,16.857094,-0.28322664
2018-11-04 08:30:00,7.440836,1.8913559
2018-11-04 09:00:00,3.1580982,1.3305202
2018-11-04 09:30:00,4.3777523,1.0784702
2018-11-04 10:00:00,4.460442,0.25043613
2018-11-04 10:30:00,4.136049,0.08872238
2018-11-04 11:00:00,4.4411035,0.37070227
2018-11-04 11:30:00,4.1488466,0.0119006
2018-11-04 12:00:00,2.5519133,-0.444569
2018-11-04 12:30:00,2.1256793,-0.2904754
2018-11-04 13:00:00,5.3180823,-0.57617795
2018-11-04 13:30:00,7.3010254,-0.42330778
2018-11-04 14:00:00,7.0027614,-0.3199335
2018-11-04 14:30:00,6.704501,-0.007171581
2018-11-04 15:00:00,4.0947585,0.3395532
2018-11-04 15:30:00,3.804499,0.60949993
2018-11-04 16:00:00,4.523758,0.97672135
2018-11-04 16:30:00,4.1684346,1.4259684
2018-11-04 17:00:00,2.071967,2.0938005
2018-11-04 17:30:00,2.7221253,2.3958795
2018-11-04 18:00:00,3.3722835,2.846053
2018-11-04 18:30:00,4.022446,2.6579351
2018-11-04 19:00:00,4.672604,2.7708914
2018-11-04 19:30:00,3.1613972,2.5405965
2018-11-04 20:00:00,4.2690606,2.6722317
2018-11-04 20:30:00,3.8903039,2.800472
2018-11-04 21:00:00,3.511543,2.9667253
2018-11-04 21:30:00,4.7977333,2.916478
2018-11-04 22:00:00,3.8256595,3.1396072
2018-11-04 22:30:00,4.206631,3.1551185
2018-11-04 23:00:00,4.6827188,3.1433735
2018-11-04 23:30:00,4.4062667,3.3479943
2018-11-05 00:00:00,2.3230338,3.494874
2018-11-05 00:30:00,2.9050958,3.5419407
2018-11-05 01:00:00,1.6941411,3.7189908
2018-11-05 01:30:00,4.514102,3.4683828
2018-11-05 02:00:00,7.3340664,4.058873
2018-11-05 02:30:00,6.3374763,4.656319
2018-11-05 03:00:00,5.0566955,5.125626
2018-11-05 03:30:00,5.7258515,5.7264633
2018-11-05 04:00:00,7.3266563,5.9895763
2018-11-05 04:30:00,5.919326,6.651099
2018-11-05 05:00:00,4.993908,6.623441
2018-11-05 05:30:00,6.4636235,7.264725
2018-11-05 06:00:00,5.1296544,6.6247997
2018-11-05 06:30:00,3.8606143,5.6798334
2018-11-05 07:00:00,4.5521197,4.969492
2018-11-05 07:30:00,5.2814455,4.9828577
2018-11-05 08:00:00,5.3312693,4.167041
2018-11-05 08:30:00,16.093962,4.209825
2018-11-05 09:00:00,26.856655,3.1623058
2018-11-05 09:30:00,37.619354,3.3084867
2018-11-05 10:00:00,32.648247,3.97967
2018-11-05 10:30:00,27.67714,3.895735
2018-11-05 11:00:00,22.706038,4.358121
2018-11-05 11:30:00,17.734934,4.38272
2018-11-05 12:00:00,12.763832,4.7692623
2018-11-05 12:30:00,7.792725,4.608357
2018-11-05 13:00:00,2.821624,4.6675835
2018-11-05 13:30:00,-2.149482,4.6099954
2018-11-05 14:00:00,14.480206,4.6949224
2018-11-05 14:30:00,31.109888,4.764893
2018-11-05 15:00:00,47.73957,4.849571
2018-11-05 15:30:00,8.441,4.743597
2018-11-05 16:00:00,6.238222,4.860092
2018-11-05 16:30:00,4.438639,4.7935996
2018-11-05 17:00:00,5.9810734,5.186067
2018-11-05 17:30:00,5.696996,5.861266
2018-11-05 18:00:00,4.5913253,6.490189
2018-11-05 18:30:00,7.9308662,6.557525
2018-11-05 19:00:00,11.270404,6.6395946
2018-11-05 19:30:00,14.609941,6.775158
2018-11-05 20:00:00,17.949476,6.980128
2018-11-05 20:30:00,3.8392525,6.857808
2018-11-05 21:00:00,28.142605,6.576619
2018-11-05 21:30:00,18.566387,6.426143
2018-11-05 22:00:00,8.990166,6.488345
2018-11-05 22:30:00,23.938433,6.8026757
2018-11-05 23:00:00,11.860767,6.6634817
2018-11-05 23:30:00,20.14078,6.442891
2018-11-06 00:00:00,12.992973,6.6570415
2018-11-06 00:30:00,5.8451605,6.4948993
2018-11-06 01:00:00,4.3591914,6.8320203
2018-11-06 01:30:00,5.8710623,6.8603907
2018-11-06 02:00:00,7.382933,7.548156
2018-11-06 02:30:00,8.894809,7.100477
2018-11-06 03:00:00,10.40668,6.8189473
2018-11-06 03:30:00,11.918551,6.7544165
2018-11-06 04:00:00,13.599211,5.7806735
2018-11-06 04:30:00,14.179564,5.3392124
2018-11-06 05:00:00,14.759918,5.0855026
2018-11-06 05:30:00,15.340271,4.671455
2018-11-06 06:00:00,15.9206295,4.6329083
2018-11-06 06:30:00,16.500982,4.8669434
2018-11-06 07:00:00,17.081337,5.247605
2018-11-06 07:30:00,17.66169,5.812622
2018-11-06 08:00:00,18.242043,6.0682635
2018-11-06 08:30:00,18.822395,7.51556
2018-11-06 09:00:00,19.40275,8.174064
2018-11-06 09:30:00,19.983107,6.7260985
2018-11-06 10:00:00,20.563461,6.8201184
2018-11-06 10:30:00,21.143814,4.2903433
2018-11-06 11:00:00,21.724169,2.977094
2018-11-06 11:30:00,22.304522,1.5606359
2018-11-06 12:00:00,22.884874,2.16662
2018-11-06 12:30:00,23.465233,4.2951016
2018-11-06 13:00:00,24.045588,5.5850625
2018-11-06 13:30:00,24.62594,7.615959
2018-11-06 14:00:00,25.206293,7.21952
2018-11-06 14:30:00,25.786648,6.271779
2018-11-06 15:00:00,26.367,4.906674
2018-11-06 15:30:00,26.947355,7.532155
2018-11-06 16:00:00,27.527708,6.91492
2018-11-06 16:30:00,28.10806,7.1017313
2018-11-06 17:00:00,28.688416,5.760046
2018-11-06 17:30:00,29.268768,4.0842505
2018-11-06 18:00:00,29.84913,4.4471025
2018-11-06 18:30:00,30.429485,6.252659
2018-11-06 19:00:00,31.009838,6.0274935
2018-11-06 19:30:00,31.59019,5.2759447
2018-11-06 20:00:00,32.170544,4.5712047
2018-11-06 20:30:00,32.7509,5.2046456
2018-11-06 21:00:00,32.729794,6.0270085
2018-11-06 21:30:00,32.70869,6.117956
2018-11-06 22:00:00,32.687588,7.717127
2018-11-06 22:30:00,32.666485,6.9096594
2018-11-06 23:00:00,32.64538,7.409027
2018-11-06 23:30:00,32.624275,7.8771276
2018-11-07 00:00:00,32.603172,9.544513
2018-11-07 00:30:00,32.582066,11.169782
2018-11-07 01:00:00,32.560963,13.197157
2018-11-07 01:30:00,32.53986,14.267043
2018-11-07 02:00:00,32.518757,15.338546
2018-11-07 02:30:00,32.49765,15.061411
2018-11-07 03:00:00,32.476547,15.11733
2018-11-07 03:30:00,32.455444,15.919743
2018-11-07 04:00:00,32.43434,15.443187
2018-11-07 04:30:00,32.413235,14.936592
2018-11-07 05:00:00,32.39213,14.680129
2018-11-07 05:30:00,32.37103,15.329794
2018-11-07 06:00:00,32.349926,14.616464
2018-11-07 06:30:00,32.32882,15.8208685
2018-11-07 07:00:00,32.307716,15.153744
2018-11-07 07:30:00,32.286613,15.325346
2018-11-07 08:00:00,32.265507,14.561209
2018-11-07 08:30:00,32.244404,16.376678
2018-11-07 09:00:00,32.2233,16.454865
2018-11-07 09:30:00,32.202198,17.147724
2018-11-07 10:00:00,32.18109,17.668571
2018-11-07 10:30:00,32.15999,17.544565
2018-11-07 11:00:00,32.138885,18.359089
2018-11-07 11:30:00,32.117783,16.464888
2018-11-07 12:00:00,32.096676,15.562278
2018-11-07 12:30:00,32.075573,15.367977
2018-11-07 13:00:00,32.05447,14.2195
2018-11-07 13:30:00,32.033367,11.632045
2018-11-07 14:00:00,32.01227,9.710281
2018-11-07 14:30:00,31.991167,7.953814
2018-11-07 15:00:00,31.970062,5.961652
2018-11-07 15:30:00,31.948957,7.960451
2018-11-07 16:00:00,31.927855,7.7291512
2018-11-07 16:30:00,31.90675,10.73033
2018-11-07 17:00:00,31.885647,11.627226
2018-11-07 17:30:00,31.864542,11.1320305
2018-11-07 18:00:00,31.84344,8.221995
2018-11-07 18:30:00,31.822334,3.0042667
2018-11-07 19:00:00,31.801231,7.553753
2018-11-07 19:30:00,31.780127,5.746715
2018-11-07 20:00:00,31.759024,8.060474
2018-11-07 20:30:00,31.737919,8.330067
2018-11-07 21:00:00,31.716816,8.040166
2018-11-07 21:30:00,31.695711,11.805792
2018-11-07 22:00:00,31.674608,12.785635
2018-11-07 22:30:00,31.653503,15.642105
2018-11-07 23:00:00,31.632399,18.691923
2018-11-07 23:30:00,31.611296,23.36791
2018-11-08 00:00:00,31.611296,25.02875
2018-11-08 00:30:00,31.611296,22.478971
2018-11-08 01:00:00,31.611296,25.61225
2018-11-08 01:30:00,31.611296,24.81855
2018-11-08 02:00:00,31.611296,24.185747
2018-11-08 02:30:00,31.611296,24.38416
2018-11-08 03:00:00,31.611296,19.461578
2018-11-08 03:30:00,31.611296,19.876465
2018-11-08 04:00:00,31.611296,19.614374
2018-11-08 04:30:00,31.611296,19.203058
2018-11-08 05:00:00,31.611296,18.120747
2018-11-08 05:30:00,31.611296,13.770633
2018-11-08 06:00:00,31.611296,14.722961
2018-11-08 06:30:00,31.611296,4.954448
2018-11-08 07:00:00,31.611296,1.8638115
2018-11-08 07:30:00,31.273632,0.53403264
2018-11-08 08:00:00,21.169485,0.21505319
2018-11-08 08:30:00,11.065337,0.50286615
2018-11-08 09:00:00,0.9611883,0.91359746
2018-11-08 09:30:00,0.875239,2.4823794
2018-11-08 10:00:00,0.70731205,2.472614
2018-11-08 10:30:00,0.51088387,1.2407738
2018-11-08 11:00:00,0.31446007,3.74037
2018-11-08 11:30:00,0.43526804,-1.8609526
2018-11-08 12:00:00,-0.0033309285,-1.0264431
2018-11-08 12:30:00,-0.15193227,0.8238992
2018-11-08 13:00:00,0.6721432,0.57952625
2018-11-08 13:30:00,1.3358856,5.062323
2018-11-08 14:00:00,1.9996281,2.359186
2018-11-08 14:30:00,2.6633706,1.6720454
2018-11-08 15:00:00,1.3652345,1.741531
2018-11-08 15:30:00,1.5378104,2.229958
2018-11-08 16:00:00,1.4600711,4.0137424
2018-11-08 16:30:00,1.563122,5.913497
2018-11-08 17:00:00,1.2317075,6.7306385
2018-11-08 17:30:00,1.4425107,8.902464
2018-11-08 18:00:00,1.6066407,12.21883
2018-11-08 18:30:00,1.331477,13.627559
2018-11-08 19:00:00,1.9702836,16.096806
2018-11-08 19:30:00,1.5116162,16.476376
2018-11-08 20:00:00,0.964828,17.829975
2018-11-08 20:30:00,0.94042087,22.305893
2018-11-08 21:00:00,1.4237444,23.68674
2018-11-08 21:30:00,2.4252021,23.264952
2018-11-08 22:00:00,2.135803,24.513866
2018-11-08 22:30:00,2.5518126,25.173681
2018-11-08 23:00:00,1.296378,26.604336
2018-11-08 23:30:00,0.55243194,24.937124
2018-11-09 00:00:00,0.82049984,27.613487
2018-11-09 00:30:00,3.6508596,27.130281
2018-11-09 01:00:00,6.481219,29.330412
2018-11-09 01:30:00,9.311579,30.15066
2018-11-09 02:00:00,12.141934,30.464134
2018-11-09 02:30:00,14.972294,30.751007
2018-11-09 03:00:00,17.802654,31.237165
2018-11-09 03:30:00,20.633007,31.962084
2018-11-09 04:00:00,23.463367,31.967249
2018-11-09 04:30:00,26.293728,32.387665
2018-11-09 05:00:00,29.124083,32.72257
2018-11-09 05:30:00,31.954447,32.46141
2018-11-09 06:00:00,34.7848,32.41701
2018-11-09 06:30:00,37.615158,32.64025
2018-11-09 07:00:00,40.445522,32.406578
2018-11-09 07:30:00,43.27588,32.581734
2018-11-09 08:00:00,46.10623,30.844843
2018-11-09 08:30:00,48.936596,24.172499
2018-11-09 09:00:00,33.40902,16.962923
2018-11-09 09:30:00,1.7177488,11.84665
2018-11-09 10:00:00,0.66987115,8.935033
2018-11-09 10:30:00,0.9486964,5.878844
2018-11-09 11:00:00,0.72824556,2.8120508
2018-11-09 11:30:00,0.08030702,1.4345367
2018-11-09 12:00:00,0.3507868,-0.78556997
2018-11-09 12:30:00,0.86385685,-2.7080238
2018-11-09 13:00:00,1.8224906,-4.157776
2018-11-09 13:30:00,0.8195692,-3.124042
2018-11-09 14:00:00,1.9391346,-1.4816194
2018-11-09 14:30:00,2.3643634,0.68641347
2018-11-09 15:00:00,2.5478802,2.816822
2018-11-09 15:30:00,1.8205069,3.3874013
2018-11-09 16:00:00,2.833714,4.494178
2018-11-09 16:30:00,2.3738232,5.5705824
2018-11-09 17:00:00,2.646256,5.50464
2018-11-09 17:30:00,2.485888,8.452964
2018-11-09 18:00:00,8.971967,12.179948
2018-11-09 18:30:00,3.3940732,14.304627
2018-11-09 19:00:00,-2.183825,11.694103
2018-11-09 19:30:00,-3.3303843,12.487269
2018-11-09 20:00:00,-4.476939,12.2879925
2018-11-09 20:30:00,-5.6234984,12.828122
2018-11-09 21:00:00,3.4739144,14.331089
2018-11-09 21:30:00,9.182889,12.348163
2018-11-09 22:00:00,-9.988393,11.189955
2018-11-09 22:30:00,1.2631011,12.935486
2018-11-09 23:00:00,12.514591,14.504704
2018-11-09 23:30:00,23.766079,16.27195
2018-11-10 00:00:00,35.017574,16.491037
2018-11-10 00:30:00,46.26907,18.864582
2018-11-10 01:00:00,24.456402,18.197603
2018-11-10 01:30:00,2.643735,18.789722
2018-11-10 02:00:00,3.676866,17.573032
2018-11-10 02:30:00,2.6945198,18.091476
2018-11-10 03:00:00,0.09540747,16.311808
2018-11-10 03:30:00,3.8898408,12.791468
2018-11-10 04:00:00,7.684278,14.321777
2018-11-10 04:30:00,12.717818,16.174644
2018-11-10 05:00:00,17.751358,16.434114
2018-11-10 05:30:00,4.6247597,17.09378
2018-11-10 06:00:00,3.698044,17.304413
2018-11-10 06:30:00,2.7713242,18.438343
2018-11-10 07:00:00,4.120848,17.357872
2018-11-10 07:30:00,3.2265353,17.16414
2018-11-10 08:00:00,2.265389,14.013009
2018-11-10 08:30:00,2.6666784,11.128771
2018-11-10 09:00:00,1.5375658,11.479477
2018-11-10 09:30:00,1.854046,10.741289
2018-11-10 10:00:00,1.2449335,9.941704
2018-11-10 10:30:00,1.766681,9.651335
2018-11-10 11:00:00,0.6140484,8.175235
2018-11-10 11:30:00,1.42374,7.4805007
2018-11-10 12:00:00,2.0113554,5.642122
2018-11-10 12:30:00,2.148308,5.309095
2018-11-10 13:00:00,2.2852564,4.9247584
2018-11-10 13:30:00,2.422205,5.501359
2018-11-10 14:00:00,2.559153,7.518846
2018-11-10 14:30:00,2.6961014,9.056715
2018-11-10 15:00:00,2.980917,8.846479
2018-11-10 15:30:00,2.700095,9.001062
2018-11-10 16:00:00,2.3569007,9.558355
2018-11-10 16:30:00,3.6052306,10.651879
2018-11-10 17:00:00,4.139824,11.888827
2018-11-10 17:30:00,3.9512432,12.801893
2018-11-10 18:00:00,3.2901354,13.975153
2018-11-10 18:30:00,3.1961377,14.331098
2018-11-10 19:00:00,1.540266,13.916866
2018-11-10 19:30:00,12.034222,13.261863
2018-11-10 20:00:00,11.526089,13.216159
2018-11-10 20:30:00,11.017952,11.413617
2018-11-10 21:00:00,10.509819,13.402857
2018-11-10 21:30:00,10.001686,13.685247
2018-11-10 22:00:00,9.493553,10.404779
2018-11-10 22:30:00,8.98542,10.475825
2018-11-10 23:00:00,8.4772835,10.697893
2018-11-10 23:30:00,7.9691505,10.408393
2018-11-11 00:00:00,7.4610176,10.20753
2018-11-11 00:30:00,6.952885,10.6117115
2018-11-11 01:00:00,6.444752,8.897369
2018-11-11 01:30:00,5.9366155,5.8262324
2018-11-11 02:00:00,5.4284825,2.5822845
2018-11-11 02:30:00,4.92035,0.33906823
2018-11-11 03:00:00,2.9021335,-0.7136069
2018-11-11 03:30:00,2.2419388,1.8690329
2018-11-11 04:00:00,2.581734,5.149015
2018-11-11 04:30:00,3.3000712,7.8826637
2018-11-11 05:00:00,4.018409,9.655739
2018-11-11 05:30:00,3.0631568,8.394196
2018-11-11 06:00:00,2.4759872,8.342283
2018-11-11 06:30:00,1.8129698,9.003273
2018-11-11 07:00:00,2.8766732,10.182332
2018-11-11 07:30:00,1.6949757,9.873944
2018-11-11 08:00:00,2.2737868,10.988349
2018-11-11 08:30:00,3.5099483,12.406481
2018-11-11 09:00:00,3.6988657,9.327353
2018-11-11 09:30:00,2.0908468,6.692031
2018-11-11 10:00:00,0.48282397,7.365635
2018-11-11 10:30:00,-1.1251945,7.2801356
2018-11-11 11:00:00,4.1391554,6.8906875
2018-11-11 11:30:00,-8.079689,4.62472
2018-11-11 12:00:00,-3.0545127,3.4443426
2018-11-11 12:30:00,1.9706638,3.6466432
2018-11-11 13:00:00,-0.004392679,5.905641
2018-11-11 13:30:00,1.7298692,6.401365
2018-11-11 14:00:00,2.3589761,6.90238
2018-11-11 14:30:00,2.1904724,5.558003
2018-11-11 15:00:00,-1.0511518,6.3387785
2018-11-11 15:30:00,2.6476412,6.477859
2018-11-11 16:00:00,3.0251522,7.325289
2018-11-11 16:30:00,1.857677,8.137462
2018-11-11 17:00:00,2.3013139,8.252328
2018-11-11 17:30:00,1.682663,9.109789
2018-11-11 18:00:00,3.1258874,9.72072
2018-11-11 18:30:00,3.0979936,9.3313465
2018-11-11 19:00:00,2.0902526,10.568932
2018-11-11 19:30:00,5.531787,12.2639265
2018-11-11 20:00:00,1.6120456,12.475332
2018-11-11 20:30:00,-0.23077269,13.195217
2018-11-11 21:00:00,20.14251,13.425494
2018-11-11 21:30:00,18.544584,13.468345
2018-11-11 22:00:00,16.946655,13.469594
2018-11-11 22:30:00,15.348726,13.270833
2018-11-11 23:00:00,13.750796,12.612067
2018-11-11 23:30:00,12.152866,11.36254
2018-11-12 00:00:00,10.554936,10.311324
2018-11-12 00:30:00,8.957006,9.70631
2018-11-12 01:00:00,7.3590765,8.298625
2018-11-12 01:30:00,5.7611513,7.814913
2018-11-12 02:00:00,4.163222,5.9130034
2018-11-12 02:30:00,2.5652921,5.7146964
2018-11-12 03:00:00,0.9673622,4.3844724
2018-11-12 03:30:00,-0.63056755,4.7323895
2018-11-12 04:00:00,-2.2284973,5.150562
2018-11-12 04:30:00,-3.826427,6.96903
2018-11-12 05:00:00,1.1714149,8.151213
2018-11-12 05:30:00,-8.770216,8.70386
2018-11-12 06:00:00,-18.711851,12.547134
2018-11-12 06:30:00,-7.9074893,14.369631
2018-11-12 07:00:00,2.8968728,15.04136
2018-11-12 07:30:00,6.4741755,13.698679
2018-11-12 08:00:00,2.2795675,11.471323
2018-11-12 08:30:00,1.7354839,8.115973
2018-11-12 09:00:00,1.7379657,5.4096684
2018-11-12 09:30:00,1.7404431,3.5143263
2018-11-12 10:00:00,1.7429249,3.25522
2018-11-12 10:30:00,1.7454023,3.4151118
2018-11-12 11:00:00,0.8727572,2.574507
2018-11-12 11:30:00,-0.30012292,1.413625
2018-11-12 12:00:00,1.2578448,1.1310639
2018-11-12 12:30:00,0.6230187,0.18613687
2018-11-12 13:00:00,1.5110657,-1.3579626
2018-11-12 13:30:00,1.2301694,-2.4954684
2018-11-12 14:00:00,1.4501483,-1.8366416
2018-11-12 14:30:00,1.5110439,-2.2892835
2018-11-12 15:00:00,1.5719393,-1.2090466
2018-11-12 15:30:00,1.2107389,-0.5532826
2018-11-12 16:00:00,2.313937,0.9713864
2018-11-12 16:30:00,3.4182663,2.4911005
2018-11-12 17:00:00,2.3015454,3.749301
2018-11-12 17:30:00,2.8324249,4.8646145
2018-11-12 18:00:00,1.9159771,6.490508
2018-11-12 18:30:00,2.7948225,5.9667244
2018-11-12 19:00:00,2.0174768,6.7285895
2018-11-12 19:30:00,1.67676,8.060715
2018-11-12 20:00:00,0.53892195,8.5673485
2018-11-12 20:30:00,-0.8356295,7.590272
2018-11-12 21:00:00,-2.2101767,8.424126
2018-11-12 21:30:00,-13.683327,8.036399
2018-11-12 22:00:00,0.29735848,8.751469
2018-11-12 22:30:00,2.7900074,8.676617
2018-11-12 23:00:00,2.1120644,9.324023
2018-11-12 23:30:00,3.262766,8.379274
2018-11-13 00:00:00,4.4134674,8.370937
2018-11-13 00:30:00,5.5641685,7.7009645
2018-11-13 01:00:00,6.7148695,6.3173423
2018-11-13 01:30:00,7.865571,6.424295
2018-11-13 02:00:00,9.016273,5.9774776
2018-11-13 02:30:00,10.166974,6.6377726
2018-11-13 03:00:00,11.317676,7.0782895
2018-11-13 03:30:00,12.468372,7.4246125
2018-11-13 04:00:00,13.619074,7.42844
2018-11-13 04:30:00,3.5415912,7.1364455
2018-11-13 05:00:00,4.38577,5.817861
2018-11-13 05:30:00,5.229944,5.1656666
2018-11-13 06:00:00,6.074123,4.5743814
2018-11-13 06:30:00,6.9183016,3.9199455
2018-11-13 07:00:00,-1.6366873,3.9994981
2018-11-13 07:30:00,1.6458731,2.1111732
2018-11-13 08:00:00,4.928429,1.3475736
2018-11-13 08:30:00,8.210989,1.4910367
2018-11-13 09:00:00,8.652166,1.1257727
2018-11-13 09:30:00,1.2370467,0.1061211
2018-11-13 10:00:00,0.69019735,-0.1057658
2018-11-13 10:30:00,0.44452667,-0.13306108
2018-11-13 11:00:00,1.0962491,0.09872817
2018-11-13 11:30:00,-0.5858342,0.36787966
2018-11-13 12:00:00,0.25610316,-0.4435291
2018-11-13 12:30:00,-0.03954404,0.5022981
2018-11-13 13:00:00,-5.1459904,1.0386655
2018-11-13 13:30:00,-0.20020913,1.2863374
2018-11-13 14:00:00,-1.192028,1.7778796
2018-11-13 14:30:00,-0.5958444,2.3567958
2018-11-13 15:00:00,1.2064177,2.5964935
2018-11-13 15:30:00,1.970419,2.4821916
2018-11-13 16:00:00,2.2146566,2.903086
2018-11-13 16:30:00,3.2122388,3.1518588
2018-11-13 17:00:00,3.2363138,3.3375208
2018-11-13 17:30:00,3.2836382,4.971148
2018-11-13 18:00:00,3.6510081,5.4914536
2018-11-13 18:30:00,3.9631627,6.0334926
2018-11-13 19:00:00,3.8402836,6.3723087
2018-11-13 19:30:00,4.3733873,6.550722
2018-11-13 20:00:00,4.0156035,7.1050215
2018-11-13 20:30:00,3.9984496,6.4773784
2018-11-13 21:00:00,3.891606,6.869374
2018-11-13 21:30:00,3.0120966,6.346735
2018-11-13 22:00:00,2.489886,6.648823
2018-11-13 22:30:00,2.735076,6.4332523
2018-11-13 23:00:00,3.5060859,6.3503222
2018-11-13 23:30:00,2.7187696,5.2243075
2018-11-14 00:00:00,2.6554492,5.2088666
2018-11-14 00:30:00,3.0954201,5.031257
2018-11-14 01:00:00,2.9331908,5.8287973
2018-11-14 01:30:00,2.608269,5.745544
2018-11-14 02:00:00,3.6240406,5.341437
2018-11-14 02:30:00,2.2279305,5.6125283
2018-11-14 03:00:00,2.763892,6.5414243
2018-11-14 03:30:00,4.0316305,6.3249016
2018-11-14 04:00:00,2.5116935,6.1217356
2018-11-14 04:30:00,2.4550405,6.2309694
2018-11-14 05:00:00,4.317442,6.5196824
2018-11-14 05:30:00,3.6210082,6.149446
2018-11-14 06:00:00,3.3600974,6.030255
2018-11-14 06:30:00,3.3027322,6.7794967
2018-11-14 07:00:00,2.9377873,5.6258807
2018-11-14 07:30:00,2.7089212,5.9757514
2018-11-14 08:00:00,3.3118904,5.9385905
2018-11-14 08:30:00,2.1053095,7.5327754
2018-11-14 09:00:00,2.341752,9.380379
2018-11-14 09:30:00,2.0167692,7.4918084
2018-11-14 10:00:00,1.691786,6.491998
2018-11-14 10:30:00,2.4171758,7.2921953
2018-11-14 11:00:00,1.2045913,6.0376563
2018-11-14 11:30:00,-0.007988648,5.1014023
2018-11-14 12:00:00,-1.3157285,3.9191284
2018-11-14 12:30:00,1.2741163,2.8165598
2018-11-14 13:00:00,0.9800595,1.2728273
2018-11-14 13:30:00,0.68600273,0.63796186
2018-11-14 14:00:00,1.5590149,0.7169683
2018-11-14 14:30:00,2.2470727,1.3124485
2018-11-14 15:00:00,2.2730398,2.1867714
2018-11-14 15:30:00,2.0230696,2.3656526
2018-11-14 16:00:00,2.7924936,3.1020396
2018-11-14 16:30:00,3.1319652,4.6677756
2018-11-14 17:00:00,2.420221,5.3058176
2018-11-14 17:30:00,2.3808446,5.8658495
2018-11-14 18:00:00,2.2367916,5.691696
2018-11-14 18:30:00,2.522726,6.090464
2018-11-14 19:00:00,2.5037413,5.6691155
2018-11-14 19:30:00,4.080991,5.590074
2018-11-14 20:00:00,-5.9789095,5.9923596
2018-11-14 20:30:00,-16.03881,5.6179724
2018-11-14 21:00:00,26.736185,5.5130906
2018-11-14 21:30:00,-20.485401,5.3503675
2018-11-14 22:00:00,-19.213675,4.94685
2018-11-14 22:30:00,-17.94195,4.803221
2018-11-14 23:00:00,-16.670225,4.4476137
2018-11-14 23:30:00,-15.398501,4.6948004
2018-11-15 00:00:00,10.819876,5.090361
2018-11-15 00:30:00,37.03825,5.8246903
2018-11-15 01:00:00,4.85131,6.0714316
2018-11-15 01:30:00,4.5562134,6.365995
2018-11-15 02:00:00,30.865055,6.7873306
2018-11-15 02:30:00,3.1082265,6.836971
2018-11-15 03:00:00,17.181087,6.8930426
2018-11-15 03:30:00,31.253954,6.202267
2018-11-15 04:00:00,45.326813,5.440214
2018-11-15 04:30:00,5.7563014,4.9476104
2018-11-15 05:00:00,9.1628895,4.490621
2018-11-15 05:30:00,6.2100487,4.231781
2018-11-15 06:00:00,3.2572124,4.2385364
2018-11-15 06:30:00,3.2443883,4.711002
2018-11-15 07:00:00,3.0612605,4.7241664
2018-11-15 07:30:00,3.4069104,4.7244244
2018-11-15 08:00:00,15.154417,4.316267
2018-11-15 08:30:00,26.901922,4.3447022
2018-11-15 09:00:00,38.649426,4.134214
2018-11-15 09:30:00,33.288967,3.9158602
2018-11-15 10:00:00,17.72619,3.8796732
2018-11-15 10:30:00,2.163413,2.8472502
2018-11-15 11:00:00,2.5773647,2.3905358
2018-11-15 11:30:00,2.559791,2.9830186
2018-11-15 12:00:00,2.2192137,2.4505181
2018-11-15 12:30:00,2.162526,2.713356
2018-11-15 13:00:00,2.1529572,3.0819495
2018-11-15 13:30:00,2.1096394,3.0901594
2018-11-15 14:00:00,2.8053832,3.3722441
2018-11-15 14:30:00,2.3537505,3.237642
2018-11-15 15:00:00,2.8863645,2.8016734
2018-11-15 15:30:00,2.208426,2.9441316
2018-11-15 16:00:00,2.005754,2.9217649
2018-11-15 16:30:00,2.8230526,2.7314494
2018-11-15 17:00:00,3.6403558,2.5015652
2018-11-15 17:30:00,7.007458,2.569845
2018-11-15 18:00:00,10.374561,2.6827662
2018-11-15 18:30:00,13.741664,3.0948782
2018-11-15 19:00:00,17.108767,3.4679022
2018-11-15 19:30:00,20.475868,3.790447
2018-11-15 20:00:00,23.842972,3.424663
2018-11-15 20:30:00,27.210073,2.9473562
2018-11-15 21:00:00,22.984095,5.003835
2018-11-15 21:30:00,18.758118,4.019492
2018-11-15 22:00:00,14.53214,3.9767296
2018-11-15 22:30:00,10.306164,4.093286
2018-11-15 23:00:00,6.080183,3.61237
2018-11-15 23:30:00,1.8542076,3.3036454
2018-11-16 00:00:00,-2.3717723,5.535182
2018-11-16 00:30:00,9.428293,5.2730346
2018-11-16 01:00:00,2.2182832,5.006347
2018-11-16 01:30:00,2.2387972,5.4982743
2018-11-16 02:00:00,2.259307,5.1962786
2018-11-16 02:30:00,2.279821,6.1721883
2018-11-16 03:00:00,2.3003309,6.2494516
2018-11-16 03:30:00,2.320845,5.5029016
2018-11-16 04:00:00,2.3413546,6.3969736
2018-11-16 04:30:00,3.0021172,6.5118437
2018-11-16 05:00:00,9.194865,6.0580482
2018-11-16 05:30:00,6.1984787,4.833155
2018-11-16 06:00:00,-7.604528,5.8963866
2018-11-16 06:30:00,2.068952,5.477157
2018-11-16 07:00:00,2.0601523,4.86482
2018-11-16 07:30:00,2.1185224,4.713291
2018-11-16 08:00:00,2.1367686,6.151574
2018-11-16 08:30:00,1.3246565,4.7869234
2018-11-16 09:00:00,1.2138892,3.6207242
2018-11-16 09:30:00,0.75890523,3.800514
2018-11-16 10:00:00,0.38917583,3.8199837
2018-11-16 10:30:00,0.083789386,1.9245192
2018-11-16 11:00:00,0.41987485,0.20751171
2018-11-16 11:30:00,-1.1484264,0.36504397
2018-11-16 12:00:00,0.3226788,-0.22233985
2018-11-16 12:30:00,0.7540727,0.97243065
2018-11-16 13:00:00,-0.058004513,1.8304821
2018-11-16 13:30:00,0.39604008,2.6784055
2018-11-16 14:00:00,0.7353807,3.0958045
2018-11-16 14:30:00,1.0747213,2.1937973
2018-11-16 15:00:00,2.0158253,5.0224004
2018-11-16 15:30:00,30.392101,6.277376
2018-11-16 16:00:00,16.311886,5.260752
2018-11-16 16:30:00,2.2316751,5.5167785
2018-11-16 17:00:00,1.2586925,5.7777987
2018-11-16 17:30:00,2.0506752,7.4409494
2018-11-16 18:00:00,3.625583,7.5446734
2018-11-16 18:30:00,1.9209582,6.7060695
2018-11-16 19:00:00,3.2029846,7.338025
2018-11-16 19:30:00,2.5365767,7.3980427
2018-11-16 20:00:00,2.5258238,8.716859
2018-11-16 20:30:00,1.3171281,7.5964327
2018-11-16 21:00:00,0.52284276,7.3210196
2018-11-16 21:30:00,3.340042,9.179668
2018-11-16 22:00:00,4.3670735,8.921724
2018-11-16 22:30:00,2.9052837,7.7683663
2018-11-16 23:00:00,3.1519244,5.67182
2018-11-16 23:30:00,3.7425022,8.244852
2018-11-17 00:00:00,2.5297432,8.603636
2018-11-17 00:30:00,2.8382711,9.55815
2018-11-17 01:00:00,2.7801633,9.162335
2018-11-17 01:30:00,1.6298857,8.732833
2018-11-17 02:00:00,2.6090379,7.8931065
2018-11-17 02:30:00,1.9810759,7.5777054
2018-11-17 03:00:00,2.654335,6.997094
2018-11-17 03:30:00,2.2810445,9.945942
2018-11-17 04:00:00,2.5006783,7.161552
2018-11-17 04:30:00,2.0922756,7.0709624
2018-11-17 05:00:00,1.8613865,8.385628
2018-11-17 05:30:00,2.0973704,8.952615
2018-11-17 06:00:00,2.2480297,7.4439907
2018-11-17 06:30:00,1.7258669,8.37331
2018-11-17 07:00:00,2.1628318,7.393293
2018-11-17 07:30:00,2.2504852,6.9563236
2018-11-17 08:00:00,1.8118206,7.231597
2018-11-17 08:30:00,1.2845241,7.775431
2018-11-17 09:00:00,1.5099996,4.0099626
2018-11-17 09:30:00,-0.89793634,1.9736174
2018-11-17 10:00:00,-1.0884528,2.5227566
2018-11-17 10:30:00,-1.2789649,0.4629347
2018-11-17 11:00:00,-1.4694813,1.9145658
2018-11-17 11:30:00,-1.6599934,1.2753309
2018-11-17 12:00:00,-0.7581305,2.6175232
2018-11-17 12:30:00,0.058997743,2.7467859
2018-11-17 13:00:00,0.44625694,12.850825
2018-11-17 13:30:00,0.33640292,9.080087
2018-11-17 14:00:00,0.19805644,10.103112
2018-11-17 14:30:00,0.059705578,11.290323
2018-11-17 15:00:00,20.933432,9.88468
2018-11-17 15:30:00,20.541456,11.812556
2018-11-17 16:00:00,20.149483,12.615995
2018-11-17 16:30:00,19.75751,10.353318
2018-11-17 17:00:00,19.365536,11.209517
2018-11-17 17:30:00,18.973562,9.846763
2018-11-17 18:00:00,18.581589,7.91546
2018-11-17 18:30:00,18.189615,8.010131
2018-11-17 19:00:00,17.797646,8.012582
2018-11-17 19:30:00,17.405672,6.3415356
2018-11-17 20:00:00,17.013699,5.676819
2018-11-17 20:30:00,16.621725,5.7628117
2018-11-17 21:00:00,16.229752,4.5021605
2018-11-17 21:30:00,15.837778,4.4728074
2018-11-17 22:00:00,15.445804,4.605792
2018-11-17 22:30:00,15.05383,5.858382
2018-11-17 23:00:00,14.661857,7.06516
2018-11-17 23:30:00,14.269883,9.105114
2018-11-18 00:00:00,13.877909,8.662146
2018-11-18 00:30:00,13.48594,6.992362
2018-11-18 01:00:00,13.0939665,6.400539
2018-11-18 01:30:00,12.701992,7.8203654
2018-11-18 02:00:00,12.310019,5.6318145
2018-11-18 02:30:00,11.918045,6.7284536
2018-11-18 03:00:00,11.526072,7.6546497
2018-11-18 03:30:00,11.134097,7.9452457
2018-11-18 04:00:00,10.742124,5.1951685
2018-11-18 04:30:00,10.35015,3.488071
2018-11-18 05:00:00,9.958177,2.7233925
2018-11-18 05:30:00,9.566202,4.1552567
2018-11-18 06:00:00,9.174233,4.2062597
2018-11-18 06:30:00,8.782259,2.49734
2018-11-18 07:00:00,8.3902855,4.436817
2018-11-18 07:30:00,7.9983115,5.766945
2018-11-18 08:00:00,7.606338,5.257921
2018-11-18 08:30:00,7.214364,5.1447506
2018-11-18 09:00:00,6.8223906,4.8705177
2018-11-18 09:30:00,6.4304166,3.80172
2018-11-18 10:00:00,6.038443,2.9550025
2018-11-18 10:30:00,5.646469,3.146642
2018-11-18 11:00:00,5.2544956,2.335163
2018-11-18 11:30:00,4.862526,2.4276578
2018-11-18 12:00:00,4.4705524,3.0195858
2018-11-18 12:30:00,4.078579,3.8620343
2018-11-18 13:00:00,3.6866052,4.6993966
2018-11-18 13:30:00,3.2946315,5.1120157
2018-11-18 14:00:00,2.9026577,5.7311077
2018-11-18 14:30:00,1.8918802,6.747814
2018-11-18 15:00:00,0.8811026,8.044687
2018-11-18 15:30:00,-0.12967922,8.089845
2018-11-18 16:00:00,-1.2926409,8.4252
2018-11-18 16:30:00,0.9806756,8.848786
2018-11-18 17:00:00,1.7365413,9.903394
2018-11-18 17:30:00,1.2025508,10.019268
2018-11-18 18:00:00,0.6670005,10.3473625
2018-11-18 18:30:00,0.97298557,9.804555
2018-11-18 19:00:00,1.2774676,10.904086
2018-11-18 19:30:00,1.6408963,10.252316
2018-11-18 20:00:00,2.0043252,11.568292
2018-11-18 20:30:00,2.3677497,13.636691
2018-11-18 21:00:00,0.7656908,16.78716
2018-11-18 21:30:00,1.2770699,18.877996
2018-11-18 22:00:00,1.1525917,17.345865
2018-11-18 22:30:00,1.66325,10.188764
2018-11-18 23:00:00,-1.1794007,8.741392
2018-11-18 23:30:00,-0.90891653,6.6087513
2018-11-19 00:00:00,-0.6384324,9.818851
2018-11-19 00:30:00,-0.3679482,7.6346073
2018-11-19 01:00:00,-0.09746405,7.925693
2018-11-19 01:30:00,0.17302011,7.663196
2018-11-19 02:00:00,0.44350863,8.599288
2018-11-19 02:30:00,1.2531915,7.927882
2018-11-19 03:00:00,2.0628743,7.435278
2018-11-19 03:30:00,2.8725574,7.332489
2018-11-19 04:00:00,5.732663,6.652707
2018-11-19 04:30:00,3.7396533,8.258986
2018-11-19 05:00:00,1.7466432,8.43279
2018-11-19 05:30:00,9.788816,9.133912
2018-11-19 06:00:00,1.287954,8.922559
2018-11-19 06:30:00,2.3287227,10.468926
2018-11-19 07:00:00,-2.3488202,8.699905
2018-11-19 07:30:00,3.3763993,8.210806
2018-11-19 08:00:00,23.576206,7.066545
2018-11-19 08:30:00,19.422136,7.3696156
2018-11-19 09:00:00,10.807227,7.7954125
2018-11-19 09:30:00,2.1923206,7.14414
2018-11-19 10:00:00,-6.4225903,5.9093943
2018-11-19 10:30:00,-4.2247844,5.50655
2018-11-19 11:00:00,-5.384242,5.081395
2018-11-19 11:30:00,-2.5578845,5.5777745
2018-11-19 12:00:00,0.5637223,4.8869114
2018-11-19 12:30:00,-1.3584082,2.3345034
2018-11-19 13:00:00,-1.2077882,2.542956
2018-11-19 13:30:00,-0.89085364,1.232756
2018-11-19 14:00:00,-1.364001,1.7307476
2018-11-19 14:30:00,-0.9359103,1.6889504
2018-11-19 15:00:00,-0.3582133,2.9337368
2018-11-19 15:30:00,0.4085801,0.45972762
2018-11-19 16:00:00,0.89173764,-0.036690857
2018-11-19 16:30:00,1.3748908,-1.3997291
2018-11-19 17:00:00,1.746215,-1.4940457
2018-11-19 17:30:00,2.1175392,-3.5401957
2018-11-19 18:00:00,5.069777,-1.4078779
2018-11-19 18:30:00,1.3570857,-2.2167132
2018-11-19 19:00:00,2.6112008,-1.4383323
2018-11-19 19:30:00,3.8653114,-2.2360256
2018-11-19 20:00:00,2.4242148,-2.02361
2018-11-19 20:30:00,2.2987883,-2.9275875
2018-11-19 21:00:00,-10.745608,-2.7312644
2018-11-19 21:30:00,1.366471,-3.4002368
2018-11-19 22:00:00,2.161355,-3.1629553
2018-11-19 22:30:00,1.7140653,-2.3001413
2018-11-19 23:00:00,0.56341213,-0.7905161
2018-11-19 23:30:00,1.9650098,-1.9294289
2018-11-20 00:00:00,3.3666034,-3.1584768
2018-11-20 00:30:00,1.9185026,-3.7564082
2018-11-20 01:00:00,2.1666987,-1.0738766
2018-11-20 01:30:00,1.3105085,0.6503533
2018-11-20 02:00:00,3.1743915,3.085742
2018-11-20 02:30:00,2.8681006,2.729514
2018-11-20 03:00:00,-11.4445505,2.0984495
2018-11-20 03:30:00,-10.0520935,0.87308055
2018-11-20 04:00:00,-8.6596365,0.5566047
2018-11-20 04:30:00,-7.2671795,2.102146
2018-11-20 05:00:00,-5.874718,4.3086553
2018-11-20 05:30:00,-4.4822607,4.8296337
2018-11-20 06:00:00,-3.0898037,5.539346
2018-11-20 06:30:00,-1.6973469,5.613677
2018-11-20 07:00:00,-0.30488986,6.6293135
2018-11-20 07:30:00,1.0875672,7.5824594
2018-11-20 08:00:00,11.489932,8.874055
2018-11-20 08:30:00,7.4817767,7.134527
2018-11-20 09:00:00,3.4736216,5.0398517
2018-11-20 09:30:00,-0.53453374,3.5928304
2018-11-20 10:00:00,-0.70835495,1.081319
2018-11-20 10:30:00,-0.93109965,-0.6058895
2018-11-20 11:00:00,-1.2092869,-0.93179876
2018-11-20 11:30:00,-1.0917648,-0.07763597
2018-11-20 12:00:00,0.30343187,-0.285656
2018-11-20 12:30:00,-1.9388928,-1.3590287
2018-11-20 13:00:00,-1.3826057,-1.1891662
2018-11-20 13:30:00,-0.79453146,-2.2832975
2018-11-20 14:00:00,-1.9986523,-2.122803
2018-11-20 14:30:00,-0.32739198,-2.314289
2018-11-20 15:00:00,0.9716398,-1.4840225
2018-11-20 15:30:00,0.26412964,-0.4066999
2018-11-20 16:00:00,1.765475,0.2282049
2018-11-20 16:30:00,5.161057,1.9069282
2018-11-20 17:00:00,2.0397518,2.188554
2018-11-20 17:30:00,2.8135102,3.1938438
2018-11-20 18:00:00,3.5737233,4.6252446
2018-11-20 18:30:00,3.167641,3.7185059
2018-11-20 19:00:00,1.667025,2.9574406
2018-11-20 19:30:00,3.3573053,3.272304
2018-11-20 20:00:00,2.3954775,2.666167
2018-11-20 20:30:00,2.4056625,2.409726
2018-11-20 21:00:00,2.2165005,1.5049137
2018-11-20 21:30:00,2.1383286,2.5368783
2018-11-20 22:00:00,2.5926354,2.556099
2018-11-20 22:30:00,1.9200013,2.4779184
2018-11-20 23:00:00,1.7847046,2.102618
2018-11-20 23:30:00,1.2661816,1.9572237
2018-11-21 00:00:00,1.6306459,2.3250306
2018-11-21 00:30:00,1.4729345,1.4531982
2018-11-21 01:00:00,1.7564917,2.5858324
2018-11-21 01:30:00,3.4437222,3.2649243
2018-11-21 02:00:00,1.5586172,2.5963495
2018-11-21 02:30:00,1.2897235,3.0673208
2018-11-21 03:00:00,1.3739339,1.2115123
2018-11-21 03:30:00,1.021057,3.1378508
2018-11-21 04:00:00,1.5720443,6.1624317
2018-11-21 04:30:00,1.6860011,6.937514
2018-11-21 05:00:00,2.2522154,8.305118
2018-11-21 05:30:00,2.9893892,8.104508
2018-11-21 06:00:00,1.3816763,9.21804
2018-11-21 06:30:00,2.0664005,10.56368
2018-11-21 07:00:00,2.3309512,10.545298
2018-11-21 07:30:00,1.3944699,9.55212
2018-11-21 08:00:00,0.68474,9.663966
2018-11-21 08:30:00,0.8920566,8.212798
2018-11-21 09:00:00,-0.27103618,6.480926
2018-11-21 09:30:00,-1.434129,5.852851
2018-11-21 10:00:00,-1.3040318,4.1809964
2018-11-21 10:30:00,-1.173939,2.2033663
2018-11-21 11:00:00,-1.8392806,0.6845609
2018-11-21 11:30:00,-1.2997979,0.29908437
2018-11-21 12:00:00,-3.3364575,0.6737599
2018-11-21 12:30:00,-8.313043,0.775784
2018-11-21 13:00:00,0.041384924,-0.20335943
2018-11-21 13:30:00,-3.856309,1.4782737
2018-11-21 14:00:00,-3.5690813,0.8095853
2018-11-21 14:30:00,-0.80534124,0.85017204
2018-11-21 15:00:00,0.41651043,1.1884291
2018-11-21 15:30:00,0.59172547,1.1647385
2018-11-21 16:00:00,1.01584,0.9187489
2018-11-21 16:30:00,1.439959,1.4500041
2018-11-21 17:00:00,2.5952964,2.0989301
2018-11-21 17:30:00,2.030917,2.3554807
2018-11-21 18:00:00,1.7031201,3.9301567
2018-11-21 18:30:00,1.5730623,4.4995694
2018-11-21 19:00:00,2.4756289,4.2863674
2018-11-21 19:30:00,2.0454187,4.1711783
2018-11-21 20:00:00,1.6163406,3.930065
2018-11-21 20:30:00,0.7841163,2.8528166
2018-11-21 21:00:00,0.62546116,2.635407
2018-11-21 21:30:00,1.6976192,1.973482
2018-11-21 22:00:00,1.9463571,2.1848228
2018-11-21 22:30:00,1.9431456,2.8460355
2018-11-21 23:00:00,2.0564165,2.1747296
2018-11-21 23:30:00,1.846037,1.92382
2018-11-22 00:00:00,1.4788942,3.4142728
2018-11-22 00:30:00,1.8560603,3.0553575
2018-11-22 01:00:00,1.5576603,3.1448417
2018-11-22 01:30:00,1.4368131,3.3484924
2018-11-22 02:00:00,1.3159702,3.0550125
2018-11-22 02:30:00,1.1951272,2.5858586
2018-11-22 03:00:00,1.07428,2.2180603
2018-11-22 03:30:00,0.9534371,2.6852088
2018-11-22 04:00:00,0.8325898,1.5874418
2018-11-22 04:30:00,0.71174693,0.32797447
2018-11-22 05:00:00,0.590904,-0.57520795
2018-11-22 05:30:00,0.47005674,-0.2781145
2018-11-22 06:00:00,0.34921384,0.70866215
2018-11-22 06:30:00,0.22837095,2.199897
2018-11-22 07:00:00,0.10752366,1.6763142
2018-11-22 07:30:00,-0.013319246,0.76031655
2018-11-22 08:00:00,-0.13416216,0.5489146
2018-11-22 08:30:00,-0.2550094,-0.94918
2018-11-22 09:00:00,-0.37585235,-1.7814742
2018-11-22 09:30:00,-0.49669963,-2.505142
2018-11-22 10:00:00,-1.505039,-3.030599
2018-11-22 10:30:00,-1.1738997,-2.5478044
2018-11-22 11:00:00,-1.1070924,-2.1200633
2018-11-22 11:30:00,-2.1722026,-2.2386649
2018-11-22 12:00:00,-1.600601,-3.2552097
2018-11-22 12:30:00,-1.1998622,-4.2706013
2018-11-22 13:00:00,-0.37322637,-3.658736
2018-11-22 13:30:00,-1.0484821,-4.3551393
2018-11-22 14:00:00,-0.7966812,-4.0517364
2018-11-22 14:30:00,-0.62681866,-2.7661405
2018-11-22 15:00:00,-0.116042495,-1.6468374
2018-11-22 15:30:00,0.5267402,-0.70869577
2018-11-22 16:00:00,1.0676124,-0.32191283
2018-11-22 16:30:00,2.5454946,0.65100867
2018-11-22 17:00:00,1.8270959,0.9605111
2018-11-22 17:30:00,0.3744031,1.3076378
2018-11-22 18:00:00,-1.4307908,0.9794522
2018-11-22 18:30:00,-2.1456852,0.94308615
2018-11-22 19:00:00,-0.42312425,0.63773465
2018-11-22 19:30:00,-9.149833,-0.044835314
2018-11-22 20:00:00,8.654311,-0.13586183
2018-11-22 20:30:00,2.2154825,-0.75847566
2018-11-22 21:00:00,-0.41468707,0.51705337
2018-11-22 21:30:00,-3.0448608,0.93521696
2018-11-22 22:00:00,-1.2451899,1.1098421
2018-11-22 22:30:00,0.55448556,1.3127587
2018-11-22 23:00:00,-0.16365959,1.3240972
2018-11-22 23:30:00,-0.88180035,1.53286
2018-11-23 00:00:00,-1.5999455,1.4491216
2018-11-23 00:30:00,-2.3180904,1.2570715
2018-11-23 01:00:00,-2.1606371,1.1863537
2018-11-23 01:30:00,-14.907687,0.767526
2018-11-23 02:00:00,-10.424597,0.33578685
2018-11-23 02:30:00,-9.749678,-0.30361402
2018-11-23 03:00:00,-9.074755,0.27417913
2018-11-23 03:30:00,-8.399836,0.3986311
2018-11-23 04:00:00,-7.7249117,0.62228024
2018-11-23 04:30:00,-7.0499883,0.7209094
2018-11-23 05:00:00,-6.375069,1.013367
2018-11-23 05:30:00,-5.7001452,1.047815
2018-11-23 06:00:00,-5.025226,1.2132645
2018-11-23 06:30:00,-4.350302,1.3277019
2018-11-23 07:00:00,-3.675383,0.9774554
2018-11-23 07:30:00,-3.0004594,0.80686754
2018-11-23 08:00:00,-2.3255358,0.72996706
2018-11-23 08:30:00,-1.6506168,0.24004146
2018-11-23 09:00:00,-0.97569317,-0.19583541
2018-11-23 09:30:00,-0.30077395,-0.43260574
2018-11-23 10:00:00,-0.21700488,-0.8631127
2018-11-23 10:30:00,-0.4618148,-1.166511
2018-11-23 11:00:00,-0.62476504,-1.2203938
2018-11-23 11:30:00,1.7360344,-1.6212941
2018-11-23 12:00:00,-2.1772406,-1.7705028
2018-11-23 12:30:00,-2.2166214,-1.5137253
2018-11-23 13:00:00,-0.5981907,-1.4194087
2018-11-23 13:30:00,-1.3078812,-1.1409111
2018-11-23 14:00:00,-1.2562268,-0.8967391
2018-11-23 14:30:00,-0.21711849,-0.43411317
2018-11-23 15:00:00,0.31300947,-0.13154492
2018-11-23 15:30:00,1.1032094,0.202168
2018-11-23 16:00:00,1.9077802,0.5594317
2018-11-23 16:30:00,0.85473806,0.84689504
2018-11-23 17:00:00,0.7612647,0.9239659
2018-11-23 17:30:00,1.1937335,0.96813995
2018-11-23 18:00:00,1.6262022,1.0136074
2018-11-23 18:30:00,1.4412348,0.8900467
2018-11-23 19:00:00,0.7481042,1.1096106
2018-11-23 19:30:00,1.5999119,0.6408194
2018-11-23 20:00:00,1.7234944,1.4840589
2018-11-23 20:30:00,2.0109098,1.6019524
2018-11-23 21:00:00,2.2419782,1.375922
2018-11-23 21:30:00,1.7711464,1.1643977
2018-11-23 22:00:00,1.8808432,1.3214232
2018-11-23 22:30:00,1.9905399,1.035808
2018-11-23 23:00:00,-3.4583447,1.0325615
2018-11-23 23:30:00,-6.174337,0.9435886
2018-11-24 00:00:00,25.02072,0.73144394
2018-11-24 00:30:00,22.666538,0.7129791
2018-11-24 01:00:00,1.2667277,0.45646808
2018-11-24 01:30:00,1.3447948,-1.9356465
2018-11-24 02:00:00,1.4228618,-2.4831555
2018-11-24 02:30:00,1.5009289,-2.241697
2018-11-24 03:00:00,1.5789915,-3.0914948
2018-11-24 03:30:00,1.6570586,-4.9400544
2018-11-24 04:00:00,1.7351257,-0.62512773
2018-11-24 04:30:00,1.8131926,0.2579208
2018-11-24 05:00:00,1.8912597,0.4503379
2018-11-24 05:30:00,1.9693267,1.5756446
2018-11-24 06:00:00,2.0473895,2.5872874
2018-11-24 06:30:00,3.7726245,2.0710013
2018-11-24 07:00:00,1.2153311,2.4718626
2018-11-24 07:30:00,-1.3419664,0.9268759
2018-11-24 08:00:00,4.8550806,1.7789588
2018-11-24 08:30:00,11.052129,1.0624784
2018-11-24 09:00:00,6.0291057,1.0499778
2018-11-24 09:30:00,1.1133857,0.022072429
2018-11-24 10:00:00,0.7628551,-0.03488632
2018-11-24 10:30:00,0.4123246,-0.32300514
2018-11-24 11:00:00,-0.25895494,-0.5178822
2018-11-24 11:30:00,-0.8434725,-0.670949
2018-11-24 12:00:00,-0.7919798,-1.2014571
2018-11-24 12:30:00,-1.2577255,-1.1355937
2018-11-24 13:00:00,-2.3593676,-0.8574631
2018-11-24 13:30:00,-3.1720042,-0.69404095
2018-11-24 14:00:00,-0.14879945,-0.2293177
2018-11-24 14:30:00,-1.1022118,0.38257375
2018-11-24 15:00:00,0.28735268,0.5399182
2018-11-24 15:30:00,1.301381,0.76126903
2018-11-24 16:00:00,0.73525834,0.5817546
2018-11-24 16:30:00,0.8732422,1.0464822
2018-11-24 17:00:00,1.0112216,1.1417907
2018-11-24 17:30:00,0.3415369,1.3331505
2018-11-24 18:00:00,2.3967142,1.6921488
2018-11-24 18:30:00,1.9412581,2.406366
2018-11-24 19:00:00,0.6460495,2.508412
2018-11-24 19:30:00,-0.6491635,2.1560986
2018-11-24 20:00:00,-1.9443765,1.2325681
2018-11-24 20:30:00,-0.5834922,1.6741383
2018-11-24 21:00:00,-0.8098766,1.5592684
2018-11-24 21:30:00,-1.0362654,1.635758
2018-11-24 22:00:00,-0.7886372,1.8762116
2018-11-24 22:30:00,-0.5410135,2.0237424
2018-11-24 23:00:00,0.31027424,1.5805732
2018-11-24 23:30:00,0.36673054,1.3983017
2018-11-25 00:00:00,0.42319116,2.6074736
2018-11-25 00:30:00,0.47964746,3.4309986
2018-11-25 01:00:00,0.5361081,3.221091
2018-11-25 01:30:00,0.59256434,2.941606
2018-11-25 02:00:00,0.649025,2.5810742
2018-11-25 02:30:00,0.7054813,2.1573744
2018-11-25 03:00:00,0.7619419,2.3194904
2018-11-25 03:30:00,0.81839824,2.3379552
2018-11-25 04:00:00,0.87485886,2.8016343
2018-11-25 04:30:00,0.9313151,2.6499832
2018-11-25 05:00:00,0.98777574,3.581326
2018-11-25 05:30:00,1.044232,3.558828
2018-11-25 06:00:00,2.7185774,4.4959645
2018-11-25 06:30:00,4.392918,2.656157
2018-11-25 07:00:00,3.004197,2.413488
2018-11-25 07:30:00,1.7676598,3.0558512
2018-11-25 08:00:00,-2.4979284,1.2237946
2018-11-25 08:30:00,-1.7449465,1.4848409
2018-11-25 09:00:00,-0.9919602,0.93696034
2018-11-25 09:30:00,-0.23897831,0.33205542
2018-11-25 10:00:00,0.5140036,-0.08506385
2018-11-25 10:30:00,1.2075056,-0.68925655
2018-11-25 11:00:00,-2.623394,-1.1293193
2018-11-25 11:30:00,-2.5947835,-1.8040637
2018-11-25 12:00:00,-6.315279,-2.1448462
2018-11-25 12:30:00,-2.7431226,-2.1476426
2018-11-25 13:00:00,0.669692,-2.8010077
2018-11-25 13:30:00,-1.0267751,-2.9229298
2018-11-25 14:00:00,-2.7418032,-2.3065948
2018-11-25 14:30:00,-0.22895941,-2.088154
2018-11-25 15:00:00,0.60969657,-0.45713085
2018-11-25 15:30:00,0.5090182,0.5410367
2018-11-25 16:00:00,0.8289327,0.7785629
2018-11-25 16:30:00,1.1655992,0.9386862
2018-11-25 17:00:00,1.5022658,1.6697078
2018-11-25 17:30:00,2.8997433,2.6039739
2018-11-25 18:00:00,4.297225,3.4199836
2018-11-25 18:30:00,1.1057743,3.8239162
2018-11-25 19:00:00,-2.0856721,2.6082864
2018-11-25 19:30:00,-0.94793475,3.1506486
2018-11-25 20:00:00,-15.625339,2.4310133
2018-11-25 20:30:00,-13.872703,2.9842203
2018-11-25 21:00:00,-12.120068,2.9909272
2018-11-25 21:30:00,-10.367437,1.8831414
2018-11-25 22:00:00,-8.614802,1.7842807
2018-11-25 22:30:00,-6.862168,1.9500711
2018-11-25 23:00:00,-5.109533,1.9020432
2018-11-25 23:30:00,-3.3569016,2.387202
2018-11-26 00:00:00,-1.6042668,2.4821873
2018-11-26 00:30:00,0.14836828,2.0266175
2018-11-26 01:00:00,1.9010034,1.0126023
2018-11-26 01:30:00,3.6536386,0.9590692
2018-11-26 02:00:00,5.138957,1.6555992
2018-11-26 02:30:00,6.6242757,1.4485623
2018-11-26 03:00:00,4.2719746,1.7752581
2018-11-26 03:30:00,6.6985326,0.86951077
2018-11-26 04:00:00,7.9777102,1.2098651
2018-11-26 04:30:00,9.256884,1.8604951
2018-11-26 05:00:00,1.1712488,2.4696865
2018-11-26 05:30:00,0.76670015,2.46301
2018-11-26 06:00:00,1.3683892,2.162858
2018-11-26 06:30:00,1.9700782,2.543821
2018-11-26 07:00:00,2.5717676,1.9343895
2018-11-26 07:30:00,5.86789,1.2041019
2018-11-26 08:00:00,6.1607537,0.7859515
2018-11-26 08:30:00,-3.2017071,0.47099614
2018-11-26 09:00:00,-9.173012,0.72753775
2018-11-26 09:30:00,-15.14432,0.28863728
2018-11-26 10:00:00,-12.264916,-0.3333561
2018-11-26 10:30:00,10.216575,-0.02778614
2018-11-26 11:00:00,-1.3463707,-1.5558413
2018-11-26 11:30:00,-0.37347105,-2.329394
2018-11-26 12:00:00,-4.479897,-2.8477116
2018-11-26 12:30:00,-2.3546226,-3.3117838
2018-11-26 13:00:00,-1.5158356,-2.5720105
2018-11-26 13:30:00,-2.373948,-2.6231406
2018-11-26 14:00:00,-1.0262028,-2.8286307
2018-11-26 14:30:00,0.23186205,-1.6176807
2018-11-26 15:00:00,-0.0833336,-1.0897942
2018-11-26 15:30:00,0.87095267,-0.42339954
2018-11-26 16:00:00,2.02383,-0.06132084
2018-11-26 16:30:00,1.7455683,0.25179935
2018-11-26 17:00:00,2.277007,0.763078
2018-11-26 17:30:00,-1.6347604,1.9629737
2018-11-26 18:00:00,-0.9676361,2.0336914
2018-11-26 18:30:00,-0.30051616,2.0625205
2018-11-26 19:00:00,13.436191,2.3718438
2018-11-26 19:30:00,-1.2501272,2.243966
2018-11-26 20:00:00,-2.631368,1.4532243
2018-11-26 20:30:00,-4.0126047,2.1685033
2018-11-26 21:00:00,-5.7775354,1.0154774
2018-11-26 21:30:00,-7.5424614,-0.037363738
2018-11-26 22:00:00,-0.4030122,0.6663145
2018-11-26 22:30:00,6.295111,0.91245705
2018-11-26 23:00:00,5.762838,1.3485612
2018-11-26 23:30:00,4.4886723,2.3109307
2018-11-27 00:00:00,3.2145064,2.4062874
2018-11-27 00:30:00,1.9403405,1.0548801
2018-11-27 01:00:00,0.6661747,1.3369517
2018-11-27 01:30:00,-3.1937418,2.1969302
2018-11-27 02:00:00,-3.389567,1.7365762
2018-11-27 02:30:00,26.73622,1.3610487
2018-11-27 03:00:00,3.1949232,1.0911719
2018-11-27 03:30:00,2.8988652,1.086003
2018-11-27 04:00:00,2.602803,0.86569196
2018-11-27 04:30:00,2.306745,1.9758939
2018-11-27 05:00:00,2.0106826,0.95543826
2018-11-27 05:30:00,1.7146246,1.0804234
2018-11-27 06:00:00,1.4185624,1.4006962
2018-11-27 06:30:00,1.1225045,1.7345401
2018-11-27 07:00:00,0.82644653,1.6890903
2018-11-27 07:30:00,0.53038424,2.2931912
2018-11-27 08:00:00,0.23432636,1.7852244
2018-11-27 08:30:00,-0.06173593,0.26237318
2018-11-27 09:00:00,-0.35779387,-0.7410027
2018-11-27 09:30:00,-0.65385616,-2.6922069
2018-11-27 10:00:00,-0.94991404,-4.0178432
2018-11-27 10:30:00,-1.1109549,-2.0889492
2018-11-27 11:00:00,0.7596786,-2.5950763
2018-11-27 11:30:00,0.31703362,-3.1210577
2018-11-27 12:00:00,-1.1863348,-3.0984814
2018-11-27 12:30:00,0.14658558,-2.5895402
2018-11-27 13:00:00,0.5031982,-1.9946893
2018-11-27 13:30:00,-0.6249442,-1.8117537
2018-11-27 14:00:00,-0.44151482,-1.0694331
2018-11-27 14:30:00,0.35522604,-0.7767352
2018-11-27 15:00:00,0.100580774,-0.09539298
2018-11-27 15:30:00,0.7993304,0.41931993
2018-11-27 16:00:00,1.49808,1.1131234
2018-11-27 16:30:00,1.4349431,1.8351792
2018-11-27 17:00:00,1.4369223,1.4542031
2018-11-27 17:30:00,-0.049938705,1.2750294
2018-11-27 18:00:00,0.23835926,1.2111977
2018-11-27 18:30:00,0.5266616,0.9407048
2018-11-27 19:00:00,0.8149639,1.2477822
2018-11-27 19:30:00,1.1032662,0.89710754
2018-11-27 20:00:00,1.3915685,0.80076355
2018-11-27 20:30:00,-1.1025702,1.2219375
2018-11-27 21:00:00,0.3135469,1.2935162
2018-11-27 21:30:00,-0.8389852,1.0394608
2018-11-27 22:00:00,-0.8913474,1.6881988
2018-11-27 22:30:00,-0.9437096,1.8583716
2018-11-27 23:00:00,0.11767801,1.6955918
2018-11-27 23:30:00,1.1790612,1.6470746
2018-11-28 00:00:00,0.34774137,2.0012622
2018-11-28 00:30:00,-0.4835785,1.5481352
2018-11-28 01:00:00,1.0762374,2.983801
2018-11-28 01:30:00,2.2554705,2.6490917
2018-11-28 02:00:00,3.8173404,3.0888922
2018-11-28 02:30:00,5.3792095,3.721892
2018-11-28 03:00:00,7.925658,3.9378338
2018-11-28 03:30:00,5.471918,4.552351
2018-11-28 04:00:00,3.0181787,4.0488195
2018-11-28 04:30:00,0.5644345,3.3930159
2018-11-28 05:00:00,1.1947297,3.1848168
2018-11-28 05:30:00,1.8250204,2.4602618
2018-11-28 06:00:00,2.4553158,2.8583746
2018-11-28 06:30:00,3.0856066,1.8384343
2018-11-28 07:00:00,3.7159016,3.0536273
2018-11-28 07:30:00,-4.700134,1.9787601
2018-11-28 08:00:00,0.7256152,2.7553978
2018-11-28 08:30:00,0.9502562,4.6278315
2018-11-28 09:00:00,4.110353,3.2765336
2018-11-28 09:30:00,2.0232575,2.724511
2018-11-28 10:00:00,-0.063833214,2.2973683
2018-11-28 10:30:00,-2.1389127,0.74787265
2018-11-28 11:00:00,-4.422016,0.42439273
2018-11-28 11:30:00,-1.9242381,-0.46605307
2018-11-28 12:00:00,-1.3651458,-0.7832542
2018-11-28 12:30:00,-1.5351613,0.7584115
2018-11-28 13:00:00,-0.48194,1.7709323
2018-11-28 13:30:00,-0.5956172,1.4277642
2018-11-28 14:00:00,-1.5620939,0.4077237
2018-11-28 14:30:00,-0.24250437,0.5058067
2018-11-28 15:00:00,0.46788955,-0.5236322
2018-11-28 15:30:00,0.89137495,0.30485627
2018-11-28 16:00:00,1.3904938,0.4808359
2018-11-28 16:30:00,0.7625012,0.7488776
2018-11-28 17:00:00,0.59563166,1.1698768
2018-11-28 17:30:00,-0.5920955,0.5110106
2018-11-28 18:00:00,-0.3310972,0.333174
2018-11-28 18:30:00,-0.07010322,0.35704806
2018-11-28 19:00:00,-6.311172,0.51717573
2018-11-28 19:30:00,-3.770189,1.4240197
2018-11-28 20:00:00,-4.408052,1.011108
2018-11-28 20:30:00,-0.36478043,1.390817
2018-11-28 21:00:00,-0.06413907,2.6713448
2018-11-28 21:30:00,0.23650666,1.378631
2018-11-28 22:00:00,0.53715235,1.9715813
2018-11-28 22:30:00,1.170943,2.3599024
2018-11-28 23:00:00,-0.33363575,2.3116255
2018-11-28 23:30:00,-2.3868203,2.5623734
2018-11-29 00:00:00,-25.508587,2.8687823
2018-11-29 00:30:00,-13.158597,2.23895
2018-11-29 01:00:00,-0.8086095,2.761078
2018-11-29 01:30:00,18.957352,1.866669
2018-11-29 02:00:00,16.451168,2.0917382
2018-11-29 02:30:00,13.944983,1.7969649
2018-11-29 03:00:00,11.438798,2.2928636
2018-11-29 03:30:00,8.932612,2.6806514
2018-11-29 04:00:00,6.4264274,2.7755492
2018-11-29 04:30:00,2.5837789,1.8558024
2018-11-29 05:00:00,-1.2588747,1.4830015
2018-11-29 05:30:00,-5.101524,2.146722
2018-11-29 06:00:00,-8.944177,1.377639
2018-11-29 06:30:00,-12.786825,1.6345564
2018-11-29 07:00:00,-16.629477,1.545719
2018-11-29 07:30:00,-20.472126,1.1551653
2018-11-29 08:00:00,-24.314777,0.39317378
2018-11-29 08:30:00,-28.157429,0.26657647
2018-11-29 09:00:00,-32.000076,0.50534356
2018-11-29 09:30:00,-0.0975995,-0.118764594
2018-11-29 10:00:00,-0.007276445,-0.070330426
2018-11-29 10:30:00,-0.68400896,-0.85828894
2018-11-29 11:00:00,-0.76074773,-0.8762513
2018-11-29 11:30:00,-1.3285264,-0.5002432
2018-11-29 12:00:00,-1.9296824,-0.28657356
2018-11-29 12:30:00,-2.3733277,0.32409886
2018-11-29 13:00:00,-4.0318384,0.93591607
2018-11-29 13:30:00,-3.0229003,0.51410407
2018-11-29 14:00:00,-2.141862,1.0924914
2018-11-29 14:30:00,-1.6582806,0.87999284
2018-11-29 15:00:00,-7.0510325,0.62131464
2018-11-29 15:30:00,-3.9202936,1.5858164
2018-11-29 16:00:00,-2.6778927,1.2631099
2018-11-29 16:30:00,-1.4354966,1.5863057
2018-11-29 17:00:00,-0.19310021,1.9345337
2018-11-29 17:30:00,3.2603757,2.2645633
2018-11-29 18:00:00,4.480353,2.5349338
2018-11-29 18:30:00,2.402202,3.4120662
2018-11-29 19:00:00,2.191486,1.8134373
2018-11-29 19:30:00,1.9807744,0.89253724
2018-11-29 20:00:00,0.7652102,1.446015
2018-11-29 20:30:00,3.0568738,1.2905581
2018-11-29 21:00:00,4.3381834,1.4005345
2018-11-29 21:30:00,2.4958065,2.3334067
2018-11-29 22:00:00,2.4292789,3.0712183
2018-11-29 22:30:00,1.7447512,2.2828708
2018-11-29 23:00:00,1.4578778,2.5463772
2018-11-29 23:30:00,1.9274509,1.5568739
2018-11-30 00:00:00,1.6675625,0.4148763
2018-11-30 00:30:00,1.9218888,-0.06406916
2018-11-30 01:00:00,2.2111742,1.0010192
2018-11-30 01:30:00,2.03377,1.7563038
2018-11-30 02:00:00,2.0801115,2.642092
2018-11-30 02:30:00,2.220293,2.0203257
2018-11-30 03:00:00,2.3604705,2.3385189
2018-11-30 03:30:00,2.482528,2.5853038
2018-11-30 04:00:00,2.5331862,3.117245
2018-11-30 04:30:00,2.4370825,1.9944592
2018-11-30 05:00:00,3.2886586,1.5188519
2018-11-30 05:30:00,2.1586154,1.0586421
2018-11-30 06:00:00,2.844458,-0.03635005
2018-11-30 06:30:00,1.5350009,-1.5117372
2018-11-30 07:00:00,1.677931,-2.065949
2018-11-30 07:30:00,1.7957852,-3.3127146
2018-11-30 08:00:00,1.9995233,-4.014064
2018-11-30 08:30:00,1.252606,-3.2256815
2018-11-30 09:00:00,1.2306763,-1.411487
2018-11-30 09:30:00,0.92915666,-0.09644599
2018-11-30 10:00:00,0.41912332,0.4468337
2018-11-30 10:30:00,0.41654977,0.58858824
2018-11-30 11:00:00,0.4953596,1.2435746
2018-11-30 11:30:00,0.11281056,1.30215
2018-11-30 12:00:00,0.15049177,1.1915444
2018-11-30 12:30:00,0.0651323,2.0290382
2018-11-30 13:00:00,0.28902614,2.585614
2018-11-30 13:30:00,-0.34419647,1.7069083
2018-11-30 14:00:00,-0.55411714,1.3638058
2018-11-30 14:30:00,0.19083393,1.1387497
2018-11-30 15:00:00,0.6798726,0.87774265
2018-11-30 15:30:00,0.37328455,1.5523866
2018-11-30 16:00:00,0.699421,1.1404275
2018-11-30 16:30:00,1.0255575,2.262798
2018-11-30 17:00:00,0.9718408,3.6982188
2018-11-30 17:30:00,1.1514164,3.170114
2018-11-30 18:00:00,1.0746689,2.3473668
2018-11-30 18:30:00,1.3802738,1.9555415
2018-11-30 19:00:00,1.6858788,1.2722723
2018-11-30 19:30:00,3.0875204,1.2175901
2018-11-30 20:00:00,0.08381124,1.5749105
2018-11-30 20:30:00,2.8199198,1.2618996
2018-11-30 21:00:00,2.0293264,1.0136597
2018-11-30 21:30:00,4.511686,1.8477192
2018-11-30 22:00:00,6.9940486,1.3060693
2018-11-30 22:30:00,5.3004346,1.5074042
2018-11-30 23:00:00,4.370407,1.5467151
2018-11-30 23:30:00,3.2857094,2.3135567
2018-12-01 00:00:00,2.2010067,2.8074498
2018-12-01 00:30:00,2.9465172,2.6510623
2018-12-01 01:00:00,1.2491629,2.2038906
2018-12-01 01:30:00,0.3551037,2.4158955
2018-12-01 02:00:00,3.0566204,2.49502
2018-12-01 02:30:00,0.6224812,2.946727
2018-12-01 03:00:00,0.48383328,2.348529
2018-12-01 03:30:00,7.917518,1.0874885
2018-12-01 04:00:00,3.0629253,0.15886344
2018-12-01 04:30:00,2.5467443,0.5492642
2018-12-01 05:00:00,2.0305674,1.5929341
2018-12-01 05:30:00,1.3897465,3.085257
2018-12-01 06:00:00,1.1793059,3.358389
2018-12-01 06:30:00,1.5252573,2.6526616
2018-12-01 07:00:00,0.92035246,-0.8418078
2018-12-01 07:30:00,1.468871,-1.7443784
2018-12-01 08:00:00,1.7157476,-1.7931798
2018-12-01 08:30:00,1.1072074,-2.3504891
2018-12-01 09:00:00,1.5482838,-4.0940795
2018-12-01 09:30:00,0.91579086,-3.8026228
2018-12-01 10:00:00,0.01888281,-3.9572058
2018-12-01 10:30:00,-0.35456055,-5.832838
2018-12-01 11:00:00,0.41501176,-6.8658423
2018-12-01 11:30:00,0.49850115,-5.7397275
2018-12-01 12:00:00,-0.939314,-4.7033453
2018-12-01 12:30:00,-4.008611,-5.0072947
2018-12-01 13:00:00,0.27009818,-5.344315
2018-12-01 13:30:00,0.24840875,-3.842637
2018-12-01 14:00:00,-0.15982766,-4.1784387
2018-12-01 14:30:00,1.1878567,-3.288906
2018-12-01 15:00:00,0.09850097,-5.0378885
2018-12-01 15:30:00,1.5162696,-6.138915
2018-12-01 16:00:00,1.3039064,-5.4864674
2018-12-01 16:30:00,1.3486879,-3.2639222
2018-12-01 17:00:00,1.8560952,-2.0654771
2018-12-01 17:30:00,3.0296745,0.99919724
2018-12-01 18:00:00,1.9698379,1.7543464
2018-12-01 18:30:00,-21.283884,1.337345
2018-12-01 19:00:00,-16.250732,-0.021979282
2018-12-01 19:30:00,-11.21758,-0.41377386
2018-12-01 20:00:00,-6.18443,-0.3010361
2018-12-01 20:30:00,-1.1512796,0.6228964
2018-12-01 21:00:00,3.8818712,1.0421872
2018-12-01 21:30:00,8.915026,1.5858252
2018-12-01 22:00:00,13.948177,1.2107477
2018-12-01 22:30:00,18.981327,1.3687737
2018-12-01 23:00:00,24.014477,2.350696
2018-12-01 23:30:00,29.047628,2.1220572
2018-12-02 00:00:00,4.4426193,2.7899811
2018-12-02 00:30:00,6.767922,2.8124046
2018-12-02 01:00:00,3.087944,2.548776
2018-12-02 01:30:00,7.8780365,2.0384586
2018-12-02 02:00:00,12.668135,2.835641
2018-12-02 02:30:00,9.564765,3.5480971
2018-12-02 03:00:00,6.4613996,2.9610672
2018-12-02 03:30:00,6.3562603,2.8634124
2018-12-02 04:00:00,6.251125,1.2774414
2018-12-02 04:30:00,6.14599,1.5492887
2018-12-02 05:00:00,6.040855,0.8618382
2018-12-02 05:30:00,5.045977,-0.29853246
2018-12-02 06:00:00,2.8414214,-0.59761834
2018-12-02 06:30:00,4.422927,-0.9976404
2018-12-02 07:00:00,6.0044274,-1.0010397
2018-12-02 07:30:00,3.8771653,-0.7727809
2018-12-02 08:00:00,1.436398,-1.4775908
2018-12-02 08:30:00,1.7752318,-2.1411061
2018-12-02 09:00:00,1.6195652,-0.58876604
2018-12-02 09:30:00,1.4638987,-0.6933812
2018-12-02 10:00:00,1.3082278,-0.87529445
2018-12-02 10:30:00,1.1525612,-0.77514035
2018-12-02 11:00:00,1.2610781,-0.52358854
2018-12-02 11:30:00,1.3695952,-0.62370765
2018-12-02 12:00:00,-4.5462937,-0.90797275
2018-12-02 12:30:00,-10.462182,-1.325079
2018-12-02 13:00:00,-7.4927077,-1.0910307
2018-12-02 13:30:00,-4.523232,-0.51370513
2018-12-02 14:00:00,-1.5537572,-0.67986244
2018-12-02 14:30:00,1.415718,0.23637995
2018-12-02 15:00:00,4.3851976,0.41713962
2018-12-02 15:30:00,7.3546724,0.9904673
2018-12-02 16:00:00,10.324148,1.5037951
2018-12-02 16:30:00,5.763419,1.9488826
2018-12-02 17:00:00,1.202695,2.1093423
2018-12-02 17:30:00,1.5580754,2.242747
2018-12-02 18:00:00,1.307782,2.5300708
2018-12-02 18:30:00,1.0574843,0.998153
2018-12-02 19:00:00,3.3097756,0.4873768
2018-12-02 19:30:00,2.7059238,1.0435154
2018-12-02 20:00:00,2.1020718,0.96142864
2018-12-02 20:30:00,1.1015359,1.0331907
2018-12-02 21:00:00,1.6908292,1.9479432
2018-12-02 21:30:00,3.3113618,2.0371215
2018-12-02 22:00:00,2.2152553,2.661304
2018-12-02 22:30:00,2.2893417,3.8944373
2018-12-02 23:00:00,1.9390166,2.5431833
2018-12-02 23:30:00,1.6207799,1.0546529
2018-12-03 00:00:00,1.4625354,4.1090636
2018-12-03 00:30:00,2.086163,3.1676147
2018-12-03 01:00:00,1.640455,3.7378008
2018-12-03 01:30:00,2.8657193,4.286062
2018-12-03 02:00:00,3.2567232,4.776511
2018-12-03 02:30:00,4.259103,5.992058
2018-12-03 03:00:00,5.2614865,6.2646437
2018-12-03 03:30:00,3.6950424,6.7807374
2018-12-03 04:00:00,2.1286023,6.4010677
2018-12-03 04:30:00,2.3394582,5.575498
2018-12-03 05:00:00,2.5503182,5.734992
2018-12-03 05:30:00,2.7611742,6.637803
2018-12-03 06:00:00,2.9720342,7.0798497
2018-12-03 06:30:00,3.18289,8.359626
2018-12-03 07:00:00,3.39375,9.902974
2018-12-03 07:30:00,3.9088955,8.005739
2018-12-03 08:00:00,7.885189,7.132299
2018-12-03 08:30:00,3.0142245,6.9479303
2018-12-03 09:00:00,0.74516803,7.6057873
2018-12-03 09:30:00,-1.5238883,9.660415
2018-12-03 10:00:00,-3.7929447,9.129931
2018-12-03 10:30:00,-6.062001,7.261291
2018-12-03 11:00:00,-8.331058,7.362144
2018-12-03 11:30:00,-10.600114,7.3064346
2018-12-03 12:00:00,-12.86917,5.7380333
2018-12-03 12:30:00,-15.1382265,3.3217914
2018-12-03 13:00:00,-17.407282,4.0189943
2018-12-03 13:30:00,-19.67634,3.5168955
2018-12-03 14:00:00,-21.945398,5.4836454
2018-12-03 14:30:00,1.3508419,8.4946165
2018-12-03 15:00:00,24.64708,8.583056
2018-12-03 15:30:00,23.291267,6.5816965
2018-12-03 16:00:00,21.935457,6.0753593
2018-12-03 16:30:00,20.579649,4.814992
2018-12-03 17:00:00,19.223839,4.939064
2018-12-03 17:30:00,17.868032,5.9511786
2018-12-03 18:00:00,16.51222,4.710259
2018-12-03 18:30:00,15.156414,4.6875076
2018-12-03 19:00:00,13.800602,4.9208264
2018-12-03 19:30:00,12.444796,5.393017
2018-12-03 20:00:00,11.088984,6.2916026
2018-12-03 20:30:00,9.733177,5.6461983
2018-12-03 21:00:00,8.37737,4.909147
2018-12-03 21:30:00,7.0215583,3.9106565
2018-12-03 22:00:00,5.665751,4.790917
2018-12-03 22:30:00,4.30994,4.4771633
2018-12-03 23:00:00,2.954133,3.7155259
2018-12-03 23:30:00,1.5983214,3.034944
2018-12-04 00:00:00,0.2425145,3.9654436
2018-12-04 00:30:00,-1.1132969,3.671754
2018-12-04 01:00:00,-2.4691038,4.0416536
2018-12-04 01:30:00,-3.8249152,4.5586257
2018-12-04 02:00:00,-5.180722,5.5008435
2018-12-04 02:30:00,-6.536534,5.684631
2018-12-04 03:00:00,-7.8923407,6.287054
2018-12-04 03:30:00,-9.248152,5.1493034
2018-12-04 04:00:00,-10.603958,3.687894
2018-12-04 04:30:00,-11.95977,3.6475215
2018-12-04 05:00:00,-13.315579,3.4193587
2018-12-04 05:30:00,-14.671389,3.3998454
2018-12-04 06:00:00,-16.027195,3.424449
2018-12-04 06:30:00,-17.383005,3.652568
2018-12-04 07:00:00,-18.738815,3.9949367
2018-12-04 07:30:00,-20.094624,4.237138
2018-12-04 08:00:00,-21.450434,4.218153
2018-12-04 08:30:00,-20.287485,2.8019269
2018-12-04 09:00:00,-19.124537,1.4488113
2018-12-04 09:30:00,-17.961586,-0.28446752
2018-12-04 10:00:00,-16.798637,-0.7649816
2018-12-04 10:30:00,-15.635687,-1.0114082
2018-12-04 11:00:00,8.223529,-2.3777933
2018-12-04 11:30:00,32.08274,-3.759148
2018-12-04 12:00:00,15.684619,-5.497727
2018-12-04 12:30:00,-0.71351075,-7.3690248
2018-12-04 13:00:00,-0.94573694,-6.2028646
2018-12-04 13:30:00,-0.9351806,-5.6740475
2018-12-04 14:00:00,-1.5049735,-4.916731
2018-12-04 14:30:00,-0.8087406,-2.1566129
2018-12-04 15:00:00,-0.49176228,-1.1922946
2018-12-04 15:30:00,-0.09460213,-1.3892077
2018-12-04 16:00:00,0.19517268,-0.88840246
2018-12-04 16:30:00,0.48494747,-1.1173517
2018-12-04 17:00:00,1.2231959,-0.89491713
2018-12-04 17:30:00,0.6350475,-1.4000787
2018-12-04 18:00:00,1.4978397,-1.6951404
2018-12-04 18:30:00,1.3327703,-0.45497677
2018-12-04 19:00:00,3.3695045,0.6863523
2018-12-04 19:30:00,1.4768144,0.8328957
2018-12-04 20:00:00,1.2455102,-4.3415375
2018-12-04 20:30:00,1.5107424,-3.937762
2018-12-04 21:00:00,1.3989178,-6.3448505
2018-12-04 21:30:00,1.1154523,-5.5661554
2018-12-04 22:00:00,1.2375231,-2.444181
2018-12-04 22:30:00,1.1595565,-3.62455
2018-12-04 23:00:00,1.4316616,-5.2104993
2018-12-04 23:30:00,1.1175584,-6.4934125
2018-12-05 00:00:00,1.7785612,-5.1910033
2018-12-05 00:30:00,1.4110907,-5.0127563
2018-12-05 01:00:00,1.2330314,-3.2701266
2018-12-05 01:30:00,1.2024547,-3.3089962
2018-12-05 02:00:00,1.2399567,-4.4490013
2018-12-05 02:30:00,1.4036934,-4.489772
2018-12-05 03:00:00,1.206457,-4.4059024
2018-12-05 03:30:00,1.2115473,-4.1062922
2018-12-05 04:00:00,1.1307013,-1.190512
2018-12-05 04:30:00,1.2196393,-1.0467561
2018-12-05 05:00:00,1.1845448,-1.7001433
2018-12-05 05:30:00,1.1291152,1.5418346
2018-12-05 06:00:00,1.3734052,2.9488635
2018-12-05 06:30:00,1.1963638,-1.6193848
2018-12-05 07:00:00,1.1940699,0.8867872
2018-12-05 07:30:00,1.1304392,-2.550522
2018-12-05 08:00:00,1.0289525,-4.335809
2018-12-05 08:30:00,0.662251,-1.6084832
2018-12-05 09:00:00,-0.458079,-5.0692387
2018-12-05 09:30:00,-0.4191045,-5.121924
2018-12-05 10:00:00,0.052810755,-7.6215725
2018-12-05 10:30:00,-0.066450454,-6.2741504
2018-12-05 11:00:00,0.33747777,-12.184402
2018-12-05 11:30:00,1.1289536,-14.428396
2018-12-05 12:00:00,-0.12340484,-12.679444
2018-12-05 12:30:00,-1.3757677,-8.692061
2018-12-05 13:00:00,-2.628126,-4.8872557
2018-12-05 13:30:00,-1.5814894,1.6253022
2018-12-05 14:00:00,-0.53485274,5.897051
2018-12-05 14:30:00,0.5117883,9.690122
2018-12-05 15:00:00,-4.6119475,8.435477
2018-12-05 15:30:00,-3.3405952,12.505428
2018-12-05 16:00:00,-2.0692391,13.414838
2018-12-05 16:30:00,-0.79788715,14.568519
2018-12-05 17:00:00,0.4734692,13.174231
2018-12-05 17:30:00,1.7448212,14.822827
2018-12-05 18:00:00,3.0161777,9.332421
2018-12-05 18:30:00,4.2875295,10.014471
2018-12-05 19:00:00,5.5588856,6.442214
2018-12-05 19:30:00,6.830238,4.8186316
2018-12-05 20:00:00,8.101589,3.5784335
2018-12-05 20:30:00,9.372947,2.7883995
2018-12-05 21:00:00,10.644299,2.8247654
2018-12-05 21:30:00,11.915655,6.60845
2018-12-05 22:00:00,13.187007,4.668444
2018-12-05 22:30:00,14.458364,6.589618
2018-12-05 23:00:00,15.729715,7.4285755
2018-12-05 23:30:00,17.001072,10.5851555
2018-12-06 00:00:00,18.272423,13.703809
2018-12-06 00:30:00,19.54378,14.468369
2018-12-06 01:00:00,20.81513,11.191532
2018-12-06 01:30:00,23.159286,11.118411
2018-12-06 02:00:00,25.503445,10.454127
2018-12-06 02:30:00,18.845179,8.697664
2018-12-06 03:00:00,12.455356,7.824403
2018-12-06 03:30:00,6.0655327,10.027492
2018-12-06 04:00:00,-0.32428536,10.915783
2018-12-06 04:30:00,3.674253,13.2297735
2018-12-06 05:00:00,7.672791,11.25027
2018-12-06 05:30:00,11.67133,10.446743
2018-12-06 06:00:00,15.669868,5.8136272
2018-12-06 06:30:00,19.66841,4.45162
2018-12-06 07:00:00,23.666948,1.755277
2018-12-06 07:30:00,27.665482,2.88799
2018-12-06 08:00:00,18.595675,2.9313643
2018-12-06 08:30:00,9.525861,3.2166998
2018-12-06 09:00:00,0.45604864,1.7649332
2018-12-06 09:30:00,0.51395553,3.0044198
2018-12-06 10:00:00,-1.2216172,2.4149125
2018-12-06 10:30:00,-2.9571943,2.695245
2018-12-06 11:00:00,-0.704357,2.625445
2018-12-06 11:30:00,-0.5155796,2.673333
2018-12-06 12:00:00,0.06678391,1.6376281
2018-12-06 12:30:00,-0.4908578,1.5801057
2018-12-06 13:00:00,-1.3897452,4.0097837
2018-12-06 13:30:00,-2.288628,1.2043816
2018-12-06 14:00:00,-0.5775237,1.1285865
2018-12-06 14:30:00,-0.90383494,1.5056216
2018-12-06 15:00:00,-0.3109283,1.8089675
2018-12-06 15:30:00,0.97357976,1.0382373
2018-12-06 16:00:00,3.9723165,2.1085079
2018-12-06 16:30:00,19.591694,2.0640366
2018-12-06 17:00:00,1.0598481,3.2681053
2018-12-06 17:30:00,1.286333,7.766247
2018-12-06 18:00:00,1.0477057,3.403332
2018-12-06 18:30:00,2.0005589,2.9636014
2018-12-06 19:00:00,1.5834483,3.6555567
2018-12-06 19:30:00,1.1663377,3.1807532
2018-12-06 20:00:00,0.74922717,2.985614
2018-12-06 20:30:00,0.7279921,3.355785
2018-12-06 21:00:00,0.7067571,4.6897974
2018-12-06 21:30:00,0.79010236,4.428371
2018-12-06 22:00:00,0.6605994,3.4331002
2018-12-06 22:30:00,0.80788994,3.6873393
2018-12-06 23:00:00,0.89742213,4.3334775
2018-12-06 23:30:00,1.0637237,4.8779936
2018-12-07 00:00:00,0.79473823,5.3254623
2018-12-07 00:30:00,0.8684578,5.5302796
2018-12-07 01:00:00,0.6475351,5.4971075
2018-12-07 01:30:00,0.9456684,4.3429546
2018-12-07 02:00:00,1.1586783,2.8539178
2018-12-07 02:30:00,1.5533173,2.288905
2018-12-07 03:00:00,0.5797141,1.6130549
2018-12-07 03:30:00,0.9546562,-0.045158643
2018-12-07 04:00:00,1.2862412,0.88316935
2018-12-07 04:30:00,1.6178218,1.1432894
2018-12-07 05:00:00,1.9494069,0.45124236
2018-12-07 05:30:00,0.80432457,0.5653259
2018-12-07 06:00:00,0.24074492,2.9936144
2018-12-07 06:30:00,0.5896369,3.7418904
2018-12-07 07:00:00,1.7248882,3.6019273
2018-12-07 07:30:00,0.6435284,3.419599
2018-12-07 08:00:00,0.33989403,2.986938
2018-12-07 08:30:00,0.036264054,4.272556
2018-12-07 09:00:00,-0.6138592,2.6762996
2018-12-07 09:30:00,-1.2639824,3.850342
2018-12-07 10:00:00,-1.8762453,4.754398
2018-12-07 10:30:00,-1.8980483,4.925943
2018-12-07 11:00:00,-2.3809698,2.7523
2018-12-07 11:30:00,-1.6293555,2.9988837
2018-12-07 12:00:00,-2.7478242,3.444867
2018-12-07 12:30:00,-2.9180799,4.2664084
2018-12-07 13:00:00,-1.4912319,4.9647555
2018-12-07 13:30:00,-1.5221057,4.444922
2018-12-07 14:00:00,-2.2726843,4.2879314
2018-12-07 14:30:00,-1.4645877,4.4499645
2018-12-07 15:00:00,-1.6472743,4.2739716
2018-12-07 15:30:00,-1.2928157,4.6654773
2018-12-07 16:00:00,-1.7747629,3.6609354
2018-12-07 16:30:00,-1.0641506,4.964192
2018-12-07 17:00:00,-0.35353813,2.6609633
2018-12-07 17:30:00,0.60970527,5.5839133
2018-12-07 18:00:00,0.46824345,6.236492
2018-12-07 18:30:00,0.2750705,6.7249236
2018-12-07 19:00:00,0.5283875,6.4589615
2018-12-07 19:30:00,1.4962667,5.13887
2018-12-07 20:00:00,0.8373218,4.090101
2018-12-07 20:30:00,0.5377772,1.701805
2018-12-07 21:00:00,0.7073601,-1.1045363
2018-12-07 21:30:00,0.5919658,-3.7719631
2018-12-07 22:00:00,0.7522813,-4.356725
2018-12-07 22:30:00,0.8319694,-3.6480877
2018-12-07 23:00:00,0.6135853,-2.120876
2018-12-07 23:30:00,0.6637191,-2.085458
2018-12-08 00:00:00,0.62996596,-2.1382399
2018-12-08 00:30:00,0.6098801,-0.2168039
2018-12-08 01:00:00,0.6698624,-2.5618038
2018-12-08 01:30:00,0.571242,-2.5857215
2018-12-08 02:00:00,0.7667395,-4.115874
2018-12-08 02:30:00,0.17141657,-5.6006336
2018-12-08 03:00:00,0.35312003,-4.5634956
2018-12-08 03:30:00,0.91719776,-2.873696
2018-12-08 04:00:00,0.9682929,-2.030151
2018-12-08 04:30:00,0.8083007,-0.98618394
2018-12-08 05:00:00,0.65212286,2.4403508
2018-12-08 05:30:00,0.68568814,2.5544999
2018-12-08 06:00:00,0.76193756,2.6883502
2018-12-08 06:30:00,0.4291466,3.2070348
2018-12-08 07:00:00,0.51349676,4.7015247
2018-12-08 07:30:00,1.4430001,4.772404
2018-12-08 08:00:00,0.13921013,4.9132323
2018-12-08 08:30:00,-0.89343596,5.01149
2018-12-08 09:00:00,-1.4591129,3.5722988
2018-12-08 09:30:00,-1.8602185,2.526453
2018-12-08 10:00:00,-3.497529,1.358532
2018-12-08 10:30:00,-5.7231503,-0.12320822
2018-12-08 11:00:00,-4.5513487,-0.16898143
2018-12-08 11:30:00,-3.5747309,-1.7085499
2018-12-08 12:00:00,-1.9752371,-1.7496567
2018-12-08 12:30:00,-1.8051953,-0.63373095
2018-12-08 13:00:00,-4.12262,-1.2081116
2018-12-08 13:30:00,-3.462854,-1.3753744
2018-12-08 14:00:00,-3.6486602,-1.4878632
2018-12-08 14:30:00,-3.2060328,-1.5422046
2018-12-08 15:00:00,-1.5401336,-0.54796076
2018-12-08 15:30:00,-1.1674068,0.22948512
2018-12-08 16:00:00,-0.65716374,0.11898007
2018-12-08 16:30:00,-0.077413134,0.2361571
2018-12-08 17:00:00,0.50233305,1.0135899
2018-12-08 17:30:00,0.37316656,1.4007704
2018-12-08 18:00:00,0.67069256,2.5000534
2018-12-08 18:30:00,0.88385093,3.4125557
2018-12-08 19:00:00,0.6975859,3.856411
2018-12-08 19:30:00,0.46598887,3.8006058
2018-12-08 20:00:00,0.7301943,3.0711002
2018-12-08 20:30:00,0.6350693,2.4373708
2018-12-08 21:00:00,0.59449124,2.5894763
2018-12-08 21:30:00,0.64937896,2.392266
2018-12-08 22:00:00,0.6052005,2.5327928
2018-12-08 22:30:00,0.68750143,2.417783
2018-12-08 23:00:00,2.0946088,1.7940768
2018-12-08 23:30:00,1.021009,1.0683596
2018-12-09 00:00:00,1.0802616,2.838245
2018-12-09 00:30:00,0.74131864,2.8966587
2018-12-09 01:00:00,0.40535113,2.8886409
2018-12-09 01:30:00,1.2773365,1.8007575
2018-12-09 02:00:00,2.1493175,-1.8579552
2018-12-09 02:30:00,0.6739215,-2.57274
2018-12-09 03:00:00,0.7466405,-2.6850367
2018-12-09 03:30:00,1.0049647,-4.893486
2018-12-09 04:00:00,0.347536,-8.163153
2018-12-09 04:30:00,0.858819,-8.000469
2018-12-09 05:00:00,0.71761495,-7.930983
2018-12-09 05:30:00,0.61530244,-8.799298
2018-12-09 06:00:00,0.4940051,-8.037787
2018-12-09 06:30:00,1.0005168,-6.227206
2018-12-09 07:00:00,0.669692,-4.7670026
2018-12-09 07:30:00,0.33064413,-1.5068567
2018-12-09 08:00:00,0.36786655,-0.33104038
2018-12-09 08:30:00,-0.5833437,-1.0874653
2018-12-09 09:00:00,-1.4037533,-1.3187652
2018-12-09 09:30:00,-1.8391058,-1.8526334
2018-12-09 10:00:00,-2.4751465,-1.8102988
2018-12-09 10:30:00,-1.9310237,-2.1084933
2018-12-09 11:00:00,-2.8452692,-2.1273775
2018-12-09 11:30:00,-2.2197716,-1.7558087
2018-12-09 12:00:00,-2.1597762,-1.061293
2018-12-09 12:30:00,-2.254674,-0.26617748
2018-12-09 13:00:00,-1.5310279,0.20087467
2018-12-09 13:30:00,-0.87295246,0.027551586
2018-12-09 14:00:00,-1.4916252,0.24874955
2018-12-09 14:30:00,-0.8184449,0.08922485
2018-12-09 15:00:00,-1.3169956,0.6280478
2018-12-09 15:30:00,-0.88242954,1.100081
2018-12-09 16:00:00,-0.17888238,1.0750971
2018-12-09 16:30:00,0.5691578,0.402747
2018-12-09 17:00:00,0.47747588,0.6207466
2018-12-09 17:30:00,0.73577833,0.43490976
2018-12-09 18:00:00,0.7882934,0.36894578
2018-12-09 18:30:00,2.2041876,0.40055797
2018-12-09 19:00:00,0.6537046,0.34297442
2018-12-09 19:30:00,0.7348826,0.34920946
2018-12-09 20:00:00,0.66210246,0.1781235
2018-12-09 20:30:00,0.8263985,0.042582124
2018-12-09 21:00:00,0.8971032,-0.07701115
2018-12-09 21:30:00,0.69646734,0.01820993
2018-12-09 22:00:00,0.69343066,0.11009283
2018-12-09 22:30:00,0.65600723,0.21062267
2018-12-09 23:00:00,0.4867345,0.592276
2018-12-09 23:30:00,0.71934086,0.8703016
2018-12-10 00:00:00,0.41419032,1.047461
2018-12-10 00:30:00,0.57094485,1.0807729
2018-12-10 01:00:00,0.94484264,1.0861821
2018-12-10 01:30:00,0.41770765,1.0218785
2018-12-10 02:00:00,0.44292748,0.65297055
2018-12-10 02:30:00,0.3158845,0.41679445
2018-12-10 03:00:00,1.5901902,0.5288069
2018-12-10 03:30:00,0.24821213,0.5211562
2018-12-10 04:00:00,0.8782626,0.9083499
2018-12-10 04:30:00,-1.4912844,0.95120436
2018-12-10 05:00:00,0.84235966,1.033549
2018-12-10 05:30:00,3.176004,0.6671709
2018-12-10 06:00:00,1.9690121,0.60347027
2018-12-10 06:30:00,-3.6565688,0.6098014
2018-12-10 07:00:00,12.03101,0.31888622
2018-12-10 07:30:00,-16.179457,0.14099719
2018-12-10 08:00:00,-9.1165695,0.028552165
2018-12-10 08:30:00,-2.0536842,-0.2744268
2018-12-10 09:00:00,5.009205,-0.78410625
2018-12-10 09:30:00,8.827014,-1.1724272
2018-12-10 10:00:00,12.644824,-1.364486
2018-12-10 10:30:00,16.462637,-1.5702777
2018-12-10 11:00:00,16.400515,-1.7222959
2018-12-10 11:30:00,16.338396,-1.7707605
2018-12-10 12:00:00,16.276272,-1.6647254
2018-12-10 12:30:00,16.214153,-1.5257803
2018-12-10 13:00:00,16.152035,-1.3930746
2018-12-10 13:30:00,16.08991,-1.1974155
2018-12-10 14:00:00,16.027792,-1.3384753
2018-12-10 14:30:00,15.965669,-1.171265
2018-12-10 15:00:00,15.903549,-0.9907718
2018-12-10 15:30:00,15.841431,-0.9299025
2018-12-10 16:00:00,15.779307,-0.9783803
2018-12-10 16:30:00,15.717188,-0.850813
2018-12-10 17:00:00,15.655065,-0.8683952
2018-12-10 17:30:00,15.592946,-0.12554581
2018-12-10 18:00:00,15.5308275,0.4160473
2018-12-10 18:30:00,15.468704,0.394371
2018-12-10 19:00:00,15.406585,0.5829431
2018-12-10 19:30:00,15.344466,0.44538742
2018-12-10 20:00:00,15.282343,0.59915334
2018-12-10 20:30:00,15.220223,0.795162
2018-12-10 21:00:00,15.1581,0.9350378
2018-12-10 21:30:00,15.095982,0.9111462
2018-12-10 22:00:00,15.033862,0.98823893
2018-12-10 22:30:00,14.971739,1.0859855
2018-12-10 23:00:00,14.90962,1.3885974
2018-12-10 23:30:00,14.847497,1.317163
2018-12-11 00:00:00,14.7853775,1.2412413
2018-12-11 00:30:00,14.723259,1.0643573
2018-12-11 01:00:00,14.661136,0.753212
2018-12-11 01:30:00,14.599017,0.7007886
2018-12-11 02:00:00,14.536894,0.6096092
2018-12-11 02:30:00,14.474774,0.69127655
2018-12-11 03:00:00,14.412656,0.75403345
2018-12-11 03:30:00,14.350533,0.76361537
2018-12-11 04:00:00,14.288413,1.0129651
2018-12-11 04:30:00,14.22629,0.9409626
2018-12-11 05:00:00,14.164171,0.9508024
2018-12-11 05:30:00,14.102052,1.0664852
2018-12-11 06:00:00,14.039928,0.82517505
2018-12-11 06:30:00,13.97781,0.42175364
2018-12-11 07:00:00,13.915687,0.116917744
2018-12-11 07:30:00,13.853567,-0.48519516
2018-12-11 08:00:00,13.791449,-1.3624717
2018-12-11 08:30:00,13.729325,-1.305666
2018-12-11 09:00:00,13.667207,-1.6861963
2018-12-11 09:30:00,13.605083,-1.430498
2018-12-11 10:00:00,13.542964,-1.8511914
2018-12-11 10:30:00,13.480845,-1.6603605
2018-12-11 11:00:00,13.418722,-1.3639137
2018-12-11 11:30:00,13.356603,-0.28630266
2018-12-11 12:00:00,13.294484,-0.4127602
2018-12-11 12:30:00,13.232361,-0.15508693
2018-12-11 13:00:00,13.170241,0.00784148
2018-12-11 13:30:00,13.108118,0.341751
2018-12-11 14:00:00,-1.4884442,1.2411321
2018-12-11 14:30:00,-0.74575216,2.1299481
2018-12-11 15:00:00,-0.42810532,2.599727
2018-12-11 15:30:00,-0.60080796,1.8494058
2018-12-11 16:00:00,-0.6719059,1.8182698
2018-12-11 16:30:00,-0.3058511,1.3480543
2018-12-11 17:00:00,0.10451755,1.5795376
2018-12-11 17:30:00,0.51488185,1.7354009
2018-12-11 18:00:00,0.9252461,2.3036559
2018-12-11 18:30:00,0.38251695,3.3744287
2018-12-11 19:00:00,0.6510174,4.2801585
2018-12-11 19:30:00,0.33855262,3.3376346
2018-12-11 20:00:00,0.5271116,4.158018
2018-12-11 20:30:00,0.52612853,2.8586104
2018-12-11 21:00:00,0.5332636,1.4379797
2018-12-11 21:30:00,0.54623187,-0.1956257
2018-12-11 22:00:00,0.25630414,-1.0310527
2018-12-11 22:30:00,0.5961298,-0.20151994
2018-12-11 23:00:00,0.5770226,-0.39010078
2018-12-11 23:30:00,0.6074813,0.36711502
2018-12-12 00:00:00,0.59132785,1.6496176
2018-12-12 00:30:00,0.5080875,0.6617704
2018-12-12 01:00:00,0.8105552,1.292983
2018-12-12 01:30:00,0.4392092,0.98708105
2018-12-12 02:00:00,0.43043554,-0.7230534
2018-12-12 02:30:00,0.35704368,-1.8792863
2018-12-12 03:00:00,0.15528932,-2.4177158
2018-12-12 03:30:00,0.69037646,-3.4231846
2018-12-12 04:00:00,0.7903951,-3.6813517
2018-12-12 04:30:00,0.5803739,-2.5649147
2018-12-12 05:00:00,0.6179109,-2.1682878
2018-12-12 05:30:00,0.60885763,-1.8539354
2018-12-12 06:00:00,0.74278235,-0.27005744
2018-12-12 06:30:00,0.27081037,-1.0600477
2018-12-12 07:00:00,0.2490729,-1.683365
2018-12-12 07:30:00,0.1640848,-1.9768144
2018-12-12 08:00:00,0.079092346,-1.5902499
2018-12-12 08:30:00,0.43705073,-1.0873517
2018-12-12 09:00:00,0.068120934,-3.7769616
2018-12-12 09:30:00,-0.4232597,-5.1680512
2018-12-12 10:00:00,-0.75490594,-6.8042436
2018-12-12 10:30:00,-0.78499323,-8.789436
2018-12-12 11:00:00,-1.11615,-10.591205
2018-12-12 11:30:00,-1.3602477,-11.052153
2018-12-12 12:00:00,-3.5216696,-11.942493
2018-12-12 12:30:00,-3.3744316,-11.9074335
2018-12-12 13:00:00,-4.0899506,-10.717601
2018-12-12 13:30:00,-3.2703843,-9.94102
2018-12-12 14:00:00,-4.7858214,-9.8017
2018-12-12 14:30:00,-4.583962,-8.713402
2018-12-12 15:00:00,-2.9383667,-7.83304
2018-12-12 15:30:00,-1.7088077,-7.59173
2018-12-12 16:00:00,-1.0071175,-7.756568
2018-12-12 16:30:00,-0.2256387,-5.718252
2018-12-12 17:00:00,0.05668199,-4.410066
2018-12-12 17:30:00,0.33900267,-2.195334
2018-12-12 18:00:00,-0.5043722,-1.4545294
2018-12-12 18:30:00,-1.3477471,-0.7004552
2018-12-12 19:00:00,-3.96258,0.7204725
2018-12-12 19:30:00,-6.5774136,0.7135777
2018-12-12 20:00:00,-10.906741,1.1135736
2018-12-12 20:30:00,-10.583221,1.444123
2018-12-12 21:00:00,-10.259698,1.4130657
2018-12-12 21:30:00,-9.936179,0.32530916
2018-12-12 22:00:00,-9.612656,0.80332834
2018-12-12 22:30:00,-9.289136,0.651734
2018-12-12 23:00:00,-8.965617,0.7752422
2018-12-12 23:30:00,-8.642094,0.24500939
2018-12-13 00:00:00,-8.318575,-0.32812166
2018-12-13 00:30:00,-7.995051,-0.05163401
2018-12-13 01:00:00,-7.6715317,0.87671584
2018-12-13 01:30:00,-7.348008,1.0281922
2018-12-13 02:00:00,-7.024489,0.613677
2018-12-13 02:30:00,-6.7009654,1.4607003
2018-12-13 03:00:00,-6.377446,1.1519845
2018-12-13 03:30:00,-6.053927,1.6412765
2018-12-13 04:00:00,-5.730403,1.2726569
2018-12-13 04:30:00,-5.4068837,1.0868812
2018-12-13 05:00:00,-5.08336,1.6629179
2018-12-13 05:30:00,-4.759841,0.49892062
2018-12-13 06:00:00,-4.4363174,1.5479386
2018-12-13 06:30:00,-4.112798,0.9353218
2018-12-13 07:00:00,-3.7892787,0.27377716
2018-12-13 07:30:00,-3.4657552,-0.7460711
2018-12-13 08:00:00,-3.142236,-1.1120211
2018-12-13 08:30:00,-2.8187122,1.3232757
2018-12-13 09:00:00,-2.495193,-0.42080852
2018-12-13 09:30:00,-2.1716697,-1.8566968
2018-12-13 10:00:00,-1.8481504,-2.880508
2018-12-13 10:30:00,-1.5246267,-1.4426666
2018-12-13 11:00:00,-1.6672727,0.042717572
2018-12-13 11:30:00,-3.2981865,1.4542162
2018-12-13 12:00:00,-4.9693294,0.93928915
2018-12-13 12:30:00,-6.6404715,0.9592046
2018-12-13 13:00:00,-3.786264,0.3380895
2018-12-13 13:30:00,-3.2267828,0.38033667
2018-12-13 14:00:00,-3.154601,0.47363088
2018-12-13 14:30:00,-4.795517,-0.37662572
2018-12-13 15:00:00,-3.6282642,0.13553114
2018-12-13 15:30:00,-1.5163512,0.45319107
2018-12-13 16:00:00,-1.1218127,0.09958893
2018-12-13 16:30:00,-0.553654,0.47216275
2018-12-13 17:00:00,-0.25853112,0.38887
2018-12-13 17:30:00,0.036596123,0.0295877
2018-12-13 18:00:00,-0.5863848,-2.4398248
2018-12-13 18:30:00,-0.86452836,-3.1689632
2018-12-13 19:00:00,-1.1426677,-3.8466613
2018-12-13 19:30:00,-2.5127623,-6.051423
2018-12-13 20:00:00,-0.098538905,-7.557553
2018-12-13 20:30:00,0.5515624,-8.226936
2018-12-13 21:00:00,1.2016639,-10.378151
2018-12-13 21:30:00,0.015614541,-10.602766
2018-12-13 22:00:00,1.6317557,-10.582331
2018-12-13 22:30:00,-0.5726606,-11.741727
2018-12-13 23:00:00,0.8198576,-13.904044
2018-12-13 23:30:00,1.3775954,-15.669842
2018-12-14 00:00:00,1.9353377,-14.681141
2018-12-14 00:30:00,0.035119288,-14.792362
2018-12-14 01:00:00,-0.34299925,-12.1591215
2018-12-14 01:30:00,-0.7211178,-11.066567
2018-12-14 02:00:00,-0.086339705,-12.287693
2018-12-14 02:30:00,0.5484384,-13.8887825
2018-12-14 03:00:00,1.1832165,-15.541929
2018-12-14 03:30:00,-6.535564,-15.055712
2018-12-14 04:00:00,0.7179514,-17.76486
2018-12-14 04:30:00,7.971466,-20.41643
2018-12-14 05:00:00,15.224982,-21.58484
2018-12-14 05:30:00,2.8863907,-19.846611
2018-12-14 06:00:00,-9.4522,-16.615807
2018-12-14 06:30:00,-13.266915,-15.093637
2018-12-14 07:00:00,-10.470934,-14.503444
2018-12-14 07:30:00,-7.6749573,-13.471449
2018-12-14 08:00:00,-4.8789754,-12.8388815
2018-12-14 08:30:00,-2.0829937,-12.781023
2018-12-14 09:00:00,0.71298784,-12.379367
2018-12-14 09:30:00,-0.37428376,-12.325519
2018-12-14 10:00:00,-1.3890505,-13.28415
2018-12-14 10:30:00,-2.991922,-12.7084875
2018-12-14 11:00:00,-2.5104334,-11.41438
2018-12-14 11:30:00,-2.0289495,-10.088892
2018-12-14 12:00:00,-1.547461,-8.21001
2018-12-14 12:30:00,-2.8062685,-7.0479784
2018-12-14 13:00:00,-2.2207286,-5.045972
2018-12-14 13:30:00,-2.4603562,-3.8550375
2018-12-14 14:00:00,-2.4524128,-4.115922
2018-12-14 14:30:00,-2.033109,-4.210658
2018-12-14 15:00:00,-1.581437,-4.235546
2018-12-14 15:30:00,-1.1347286,-4.1022243
2018-12-14 16:00:00,-0.49091026,-3.7939496
2018-12-14 16:30:00,-0.25064445,-2.8770125
2018-12-14 17:00:00,-0.010378677,-2.9528205
2018-12-14 17:30:00,0.2298871,-2.890435
2018-12-14 18:00:00,0.4701485,-2.9015508
2018-12-14 18:30:00,2.3889847,-2.843517
2018-12-14 19:00:00,3.135417,-2.4025893
2018-12-14 19:30:00,1.5245495,-2.1466508
2018-12-14 20:00:00,1.7224283,-1.2061105
2018-12-14 20:30:00,1.1204464,-0.8914042
2018-12-14 21:00:00,1.3186966,-0.8229934
2018-12-14 21:30:00,1.1139711,-0.9393053
2018-12-14 22:00:00,1.5625846,-0.03547618
2018-12-14 22:30:00,1.4527044,0.15029953
2018-12-14 23:00:00,0.9010312,0.46540338
2018-12-14 23:30:00,1.1096411,-0.49912462
2018-12-15 00:00:00,1.1584467,0.3400557
2018-12-15 00:30:00,1.0698626,0.19498043
2018-12-15 01:00:00,1.5673385,0.37490556
2018-12-15 01:30:00,0.7588397,0.47482806
2018-12-15 02:00:00,1.262804,0.8448502
2018-12-15 02:30:00,0.64936584,1.0460715
2018-12-15 03:00:00,1.3003018,0.75828916
2018-12-15 03:30:00,1.2101185,0.9834632
2018-12-15 04:00:00,1.029302,0.89099485
2018-12-15 04:30:00,0.9833234,0.008544944
2018-12-15 05:00:00,0.86572254,-0.7462066
2018-12-15 05:30:00,1.1496643,-0.8873582
2018-12-15 06:00:00,1.1421971,-3.138579
2018-12-15 06:30:00,1.2150952,-3.0464294
2018-12-15 07:00:00,1.3284447,-2.707827
2018-12-15 07:30:00,1.2087946,-2.4100301
2018-12-15 08:00:00,0.75666374,-2.9653037
2018-12-15 08:30:00,0.5203785,-3.1271749
2018-12-15 09:00:00,-0.47681475,-2.9712198
2018-12-15 09:30:00,-0.92939126,-2.9223793
2018-12-15 10:00:00,-0.72784656,-2.9635386
2018-12-15 10:30:00,-0.7220528,-2.564622
2018-12-15 11:00:00,-0.98930365,-2.4209929
2018-12-15 11:30:00,-0.42633137,-1.7001433
2018-12-15 12:00:00,-1.1043835,-1.0001047
2018-12-15 12:30:00,-0.78266,-0.50555193
2018-12-15 13:00:00,-0.2651332,-0.35989988
2018-12-15 13:30:00,0.11781783,-0.39794374
2018-12-15 14:00:00,0.25427678,0.1671914
2018-12-15 14:30:00,0.35054213,0.16063303
2018-12-15 15:00:00,0.4519502,0.77636516
2018-12-15 15:30:00,0.45880568,0.37859768
2018-12-15 16:00:00,0.61509705,0.21119069
2018-12-15 16:30:00,0.41196197,-0.23289181
2018-12-15 17:00:00,0.9255782,-0.10861024
2018-12-15 17:30:00,0.8262281,-0.8357475
2018-12-15 18:00:00,0.72688234,-0.9737969
2018-12-15 18:30:00,1.4753158,-0.5943588
2018-12-15 19:00:00,0.47877795,-0.8310461
2018-12-15 19:30:00,0.94664276,-0.69279134
2018-12-15 20:00:00,0.3562135,-0.26947194
2018-12-15 20:30:00,0.42787948,0.0858124
2018-12-15 21:00:00,1.1891719,-0.22427984
2018-12-15 21:30:00,1.1203941,-0.07104263
2018-12-15 22:00:00,0.41465786,0.21127808
2018-12-15 22:30:00,0.49142718,0.63539267
2018-12-15 23:00:00,0.3344105,0.95522857
2018-12-15 23:30:00,0.51481193,1.3583747
2018-12-16 00:00:00,0.3665208,1.1105806
2018-12-16 00:30:00,0.41682068,1.3740344
2018-12-16 01:00:00,0.7532163,1.8120741
2018-12-16 01:30:00,1.5975394,2.0098174
2018-12-16 02:00:00,1.6407216,1.9627116
2018-12-16 02:30:00,1.889158,1.8157225
2018-12-16 03:00:00,1.3332422,2.0498362
2018-12-16 03:30:00,0.80700296,2.0059986
2018-12-16 04:00:00,0.5335564,2.29992
2018-12-16 04:30:00,0.34386575,2.2026453
2018-12-16 05:00:00,0.982301,1.501912
2018-12-16 05:30:00,1.1027507,0.46784586
2018-12-16 06:00:00,0.86100805,-0.24508227
2018-12-16 06:30:00,0.528453,-0.29144102
2018-12-16 07:00:00,0.56662357,-0.14720027
2018-12-16 07:30:00,0.83474827,-0.020913163
2018-12-16 08:00:00,0.6259505,-0.21756417
2018-12-16 08:30:00,0.6608135,-0.09899769
2018-12-16 09:00:00,-0.022556035,-0.27225086
2018-12-16 09:30:00,-0.2549133,-1.3875256
2018-12-16 10:00:00,-0.4872662,-2.215529
2018-12-16 10:30:00,-1.4713296,-2.711008
2018-12-16 11:00:00,-0.52741176,-3.7591434
2018-12-16 11:30:00,-1.0796704,-4.1876273
2018-12-16 12:00:00,0.053488,-4.834369
2018-12-16 12:30:00,-1.2775449,-5.0295563
2018-12-16 13:00:00,-0.8413577,-4.3043456
2018-12-16 13:30:00,-1.2148798,-3.5715282
2018-12-16 14:00:00,-0.74905103,-3.4236302
2018-12-16 14:30:00,-1.1395916,-2.7841682
2018-12-16 15:00:00,-0.42218924,-1.9434676
2018-12-16 15:30:00,-0.38207868,-1.5323693
2018-12-16 16:00:00,-0.036708336,-1.0726533
2018-12-16 16:30:00,0.3442328,-0.4871701
2018-12-16 17:00:00,0.7320207,0.4381518
2018-12-16 17:30:00,1.119813,0.8106557
2018-12-16 18:00:00,1.5076052,1.6221868
2018-12-16 18:30:00,-0.32976452,1.639555
2018-12-16 19:00:00,-0.85847247,1.5760728
2018-12-16 19:30:00,0.19061546,1.2658277
2018-12-16 20:00:00,1.2397033,1.51741
2018-12-16 20:30:00,1.9959841,2.2975912
2018-12-16 21:00:00,1.4612858,1.2815747
2018-12-16 21:30:00,1.2643552,1.536705
2018-12-16 22:00:00,1.3206804,1.4728951
2018-12-16 22:30:00,1.3905723,1.0235126
2018-12-16 23:00:00,1.373545,0.52979004
2018-12-16 23:30:00,1.0413264,0.5059465
2018-12-17 00:00:00,0.7763782,0.5663789
2018-12-17 00:30:00,0.85187614,0.9495528
2018-12-17 01:00:00,0.8204212,1.2935686
2018-12-17 01:30:00,0.87775135,1.4494711
2018-12-17 02:00:00,0.80484015,1.4153727
2018-12-17 02:30:00,-0.17368285,1.8514768
2018-12-17 03:00:00,-0.88602114,1.2836108
2018-12-17 03:30:00,-1.5983638,1.6103765
2018-12-17 04:00:00,-0.9094146,2.0347927
2018-12-17 04:30:00,-0.22046977,1.1698419
2018-12-17 05:00:00,-3.4658382,0.60020196
2018-12-17 05:30:00,-6.711207,0.71300966
2018-12-17 06:00:00,-9.956575,0.5100799
2018-12-17 06:30:00,2.3252666,0.04644899
2018-12-17 07:00:00,2.0130332,-0.16845712
2018-12-17 07:30:00,1.0231324,-0.4163474
2018-12-17 08:00:00,0.73847854,-0.5734471
2018-12-17 08:30:00,0.6556227,-0.61946505
2018-12-17 09:00:00,0.48567277,-0.6680128
2018-12-17 09:30:00,0.019695507,-1.0029972
2018-12-17 10:00:00,-0.4462774,-1.2914306
2018-12-17 10:30:00,-0.069565795,-1.4376987
2018-12-17 11:00:00,-1.47389,-1.170426
2018-12-17 11:30:00,-0.23493667,-1.0908166
2018-12-17 12:00:00,-1.8435495,-0.91128033
2018-12-17 12:30:00,-1.4458869,-0.9800188
2018-12-17 13:00:00,-1.5557759,-0.90147114
2018-12-17 13:30:00,-0.80304736,-0.80493927
2018-12-17 14:00:00,-1.22378,-0.6388693
2018-12-17 14:30:00,-0.7919711,-0.6179751
2018-12-17 15:00:00,-0.9134912,-0.507741
2018-12-17 15:30:00,-0.26136246,-0.4150672
2018-12-17 16:00:00,-0.17746234,-0.3246349
2018-12-17 16:30:00,-0.16088505,-0.12629297
2018-12-17 17:00:00,0.42385095,0.4027645
2018-12-17 17:30:00,-0.12019337,0.7458715
2018-12-17 18:00:00,-0.6642421,1.0119994
2018-12-17 18:30:00,0.5419805,0.8884344
2018-12-17 19:00:00,0.09753971,0.694086
2018-12-17 19:30:00,-14.51367,0.69220287
2018-12-17 20:00:00,-6.958988,0.7057172
2018-12-17 20:30:00,0.5956928,0.761505
2018-12-17 21:00:00,-2.8279884,0.7596786
2018-12-17 21:30:00,0.38724023,0.7557462
2018-12-17 22:00:00,3.6024647,0.76885426
2018-12-17 22:30:00,6.817689,0.6774345
2018-12-17 23:00:00,6.1130233,0.79276764
2018-12-17 23:30:00,5.4083576,0.80421966
2018-12-18 00:00:00,4.703687,0.85998124
2018-12-18 00:30:00,3.999022,0.783142
2018-12-18 01:00:00,3.294356,0.77137536
2018-12-18 01:30:00,3.0990028,0.78627914
2018-12-18 02:00:00,2.9036539,0.7931871
2018-12-18 02:30:00,2.7083051,0.58146626
2018-12-18 03:00:00,2.5129519,0.40167654
2018-12-18 03:30:00,2.3176029,0.11180561
2018-12-18 04:00:00,2.1222494,0.31484023
2018-12-18 04:30:00,1.9269004,0.6126371
2018-12-18 05:00:00,1.7315515,0.54274076
2018-12-18 05:30:00,1.5361981,0.67196405
2018-12-18 06:00:00,1.3408493,-0.14864652
2018-12-18 06:30:00,1.1454959,1.6429586
2018-12-18 07:00:00,0.950147,1.6017908
2018-12-18 07:30:00,0.7547937,1.3484781
2018-12-18 08:00:00,0.5594447,1.0437602
2018-12-18 08:30:00,0.3640958,1.3336923
2018-12-18 09:00:00,0.16874252,1.0449705
2018-12-18 09:30:00,-0.026606416,0.5634296
2018-12-18 10:00:00,-0.6305457,0.19642231
2018-12-18 10:30:00,-3.2731328,0.009650389
2018-12-18 11:00:00,-0.69859385,-0.39624843
2018-12-18 11:30:00,-1.4876971,-0.5608503
2018-12-18 12:00:00,-1.3071603,-1.1276459
2018-12-18 12:30:00,-1.8057153,-1.195624
2018-12-18 13:00:00,-1.191377,-1.4662131
2018-12-18 13:30:00,-1.5642698,-1.1521316
2018-12-18 14:00:00,-1.2421532,-0.9642804
2018-12-18 14:30:00,-1.0649195,-0.86420065
2018-12-18 15:00:00,-0.74768776,-0.8801094
2018-12-18 15:30:00,0.23372339,-0.7086914
2018-12-18 16:00:00,0.33150488,-0.8269476
2018-12-18 16:30:00,0.6366117,-0.3365982
2018-12-18 17:00:00,0.9417185,0.09497054
2018-12-18 17:30:00,-0.02165158,0.4765321
2018-12-18 18:00:00,-0.9850217,0.7215692
2018-12-18 18:30:00,2.7756279,1.259243
2018-12-18 19:00:00,0.92581415,1.4533554
2018-12-18 19:30:00,0.4587008,0.61873233
2018-12-18 20:00:00,-0.008412474,1.0322688
2018-12-18 20:30:00,-0.4755258,1.4500828
2018-12-18 21:00:00,-1.9899268,1.542324
2018-12-18 21:30:00,1.8222153,1.7677034
2018-12-18 22:00:00,-1.3419621,1.1970367
2018-12-18 22:30:00,-1.1060438,1.3669691
2018-12-18 23:00:00,-0.8701255,0.8826931
2018-12-18 23:30:00,-0.6342072,1.8693125
2018-12-19 00:00:00,-0.39828894,1.6011528
2018-12-19 00:30:00,-0.16237499,1.5356476
2018-12-19 01:00:00,2.014178,2.1265225
2018-12-19 01:30:00,-0.42775577,2.0471754
2018-12-19 02:00:00,-2.8696938,1.6778216
2018-12-19 02:30:00,-1.1326225,1.8178548
2018-12-19 03:00:00,0.6044446,1.9454614
2018-12-19 03:30:00,0.8415645,1.9975877
2018-12-19 04:00:00,2.6062284,2.0121725
2018-12-19 04:30:00,4.370897,1.9294347
2018-12-19 05:00:00,6.1355605,1.8569647
2018-12-19 05:30:00,5.8247385,2.0058107
2018-12-19 06:00:00,5.513921,1.864882
2018-12-19 06:30:00,5.203099,2.108604
2018-12-19 07:00:00,4.892277,2.1377692
2018-12-19 07:30:00,7.138626,1.4801744
2018-12-19 08:00:00,4.031744,1.324285
2018-12-19 08:30:00,0.92485726,0.32531354
2018-12-19 09:00:00,3.1390085,-0.18990622
2018-12-19 09:30:00,0.7276557,0.013569688
2018-12-19 10:00:00,-1.4002403,-0.18451883
2018-12-19 10:30:00,0.85499585,-0.40008473
2018-12-19 11:00:00,0.37392685,-0.13722944
2018-12-19 11:30:00,-0.10714214,-0.209092
2018-12-19 12:00:00,-0.5882111,-0.081952885
2018-12-19 12:30:00,-1.0692844,-0.123535916
2018-12-19 13:00:00,-0.4029117,0.042638924
2018-12-19 13:30:00,-0.01953682,-0.16331877
2018-12-19 14:00:00,0.038531743,-0.18217686
2018-12-19 14:30:00,0.06864962,0.063270964
2018-12-19 15:00:00,0.18904686,0.18636408
2018-12-19 15:30:00,2.2510924,0.2955015
2018-12-19 16:00:00,4.3131385,0.20257434
2018-12-19 16:30:00,0.3086838,0.7104973
2018-12-19 17:00:00,1.8308797,1.0637237
2018-12-19 17:30:00,0.79121655,0.8050368
2018-12-19 18:00:00,1.0570211,1.0074946
2018-12-19 18:30:00,5.4540257,1.769355
2018-12-19 19:00:00,9.851031,1.5995842
2018-12-19 19:30:00,14.248036,1.8779113
2018-12-19 20:00:00,2.52398,1.8424236
2018-12-19 20:30:00,2.2634928,1.6143788
2018-12-19 21:00:00,2.0030012,1.4543953
2018-12-19 21:30:00,1.7425098,1.7844249
2018-12-19 22:00:00,36.099075,1.1747662
2018-12-19 22:30:00,16.004595,0.74372613
2018-12-19 23:00:00,-4.089885,0.7434203
2018-12-19 23:30:00,16.093765,1.02509
2018-12-20 00:00:00,8.047969,1.3380747
2018-12-20 00:30:00,10.637107,1.433038
2018-12-20 01:00:00,13.226244,1.6308862
2018-12-20 01:30:00,7.77991,1.6940233
2018-12-20 02:00:00,2.3335726,1.0494753
2018-12-20 02:30:00,2.272498,0.9968378
2018-12-20 03:00:00,2.09647,1.1986927
2018-12-20 03:30:00,1.9204382,0.559838
2018-12-20 04:00:00,0.9407966,0.31685013
2018-12-20 04:30:00,1.1495594,0.24538954
2018-12-20 05:00:00,0.7256371,0.50288796
2018-12-20 05:30:00,0.7367964,0.78479797
2018-12-20 06:00:00,0.74796003,0.9835288
2018-12-20 06:30:00,0.75911933,1.0842028
2018-12-20 07:00:00,0.85322624,0.93880856
2018-12-20 07:30:00,-0.3631856,0.9934297
2018-12-20 08:00:00,0.983721,0.49991682
2018-12-20 08:30:00,2.3306234,0.26339996
2018-12-20 09:00:00,1.1234657,0.43045738
2018-12-20 09:30:00,-0.08369188,0.11365821
2018-12-20 10:00:00,-1.2908494,-0.06977115
2018-12-20 10:30:00,0.22339426,0.35056397
2018-12-20 11:00:00,0.19817005,0.60678655
2018-12-20 11:30:00,0.17294583,0.65228456
2018-12-20 12:00:00,0.67962354,0.44070786
2018-12-20 12:30:00,0.21069695,0.49225736
2018-12-20 13:00:00,-0.1905791,0.8593127
2018-12-20 13:30:00,-0.5918508,0.90630066
2018-12-20 14:00:00,-1.1355194,0.597576
2018-12-20 14:30:00,-0.4159236,0.30786237
2018-12-20 15:00:00,-1.8495748,-0.05648835
2018-12-20 15:30:00,-0.6151219,-0.23518571
2018-12-20 16:00:00,0.73830813,-0.009089721
2018-12-20 16:30:00,0.91158754,0.123629056
2018-12-20 17:00:00,1.0848713,0.5586233
2018-12-20 17:30:00,1.8758185,1.0912156
2018-12-20 18:00:00,2.9833465,1.5121624
2018-12-20 18:30:00,2.720478,1.408609
2018-12-20 19:00:00,2.457614,1.0343617
2018-12-20 19:30:00,2.1947455,2.0512257
2018-12-20 20:00:00,1.9318771,2.502994
2018-12-20 20:30:00,1.669013,2.0101495
2018-12-20 21:00:00,0.89962864,1.8755782
2018-12-20 21:30:00,2.465553,2.0238955
2018-12-20 22:00:00,1.516025,0.9273259
2018-12-20 22:30:00,2.387604,1.1443905
2018-12-20 23:00:00,3.259183,1.4335229
2018-12-20 23:30:00,4.58589,0.7808044
2018-12-21 00:00:00,4.469696,1.0766613
2018-12-21 00:30:00,4.3535023,0.120531194
2018-12-21 01:00:00,4.2373085,-0.18662922
2018-12-21 01:30:00,4.1211143,0.41580263
2018-12-21 02:00:00,4.0049205,2.0668766
2018-12-21 02:30:00,3.8887267,2.6740537
2018-12-21 03:00:00,3.7725327,2.2677965
2018-12-21 03:30:00,3.6563387,2.7697947
2018-12-21 04:00:00,1.2847775,3.2250717
2018-12-21 04:30:00,0.828688,2.293816
2018-12-21 05:00:00,0.37259856,1.8700684
2018-12-21 05:30:00,0.72750276,2.2229583
2018-12-21 06:00:00,1.082407,1.2670423
2018-12-21 06:30:00,1.4373112,0.20169611
2018-12-21 07:00:00,1.89874,-0.42406803
2018-12-21 07:30:00,4.944119,0.06368168
2018-12-21 08:00:00,7.989503,0.5148075
2018-12-21 08:30:00,2.5417063,0.058307387
2018-12-21 09:00:00,1.0437907,-0.42827573
2018-12-21 09:30:00,-0.45412475,-0.320602
2018-12-21 10:00:00,-1.5088316,-0.6933026
2018-12-21 10:30:00,-1.7541746,-0.81892115
2018-12-21 11:00:00,-1.659067,-0.7017048
2018-12-21 11:30:00,-2.2207766,-0.62786293
2018-12-21 12:00:00,-0.6824185,-0.52889293
2018-12-21 12:30:00,-1.7375623,0.9435624
2018-12-21 13:00:00,-2.116262,1.2486211
2018-12-21 13:30:00,-1.22042,0.918395
2018-12-21 14:00:00,-1.7518982,1.8523638
2018-12-21 14:30:00,-0.3175697,1.7513752
2018-12-21 15:00:00,-0.7036623,1.7610664
2018-12-21 15:30:00,1.0063936,2.0471885
2018-12-21 16:00:00,1.7187668,2.4886363
2018-12-21 16:30:00,1.111118,2.1478755
2018-12-21 17:00:00,1.5172484,1.8997362
2018-12-21 17:30:00,1.6388909,1.7751487
2018-12-21 18:00:00,2.0365229,1.8210487
2018-12-21 18:30:00,3.6316345,3.9243412
2018-12-21 19:00:00,2.2517872,3.4166584
2018-12-21 19:30:00,3.2011406,3.5405512
2018-12-21 20:00:00,3.172421,3.9229822
2018-12-21 20:30:00,2.2060227,2.2583938
2018-12-21 21:00:00,3.2546957,2.2032351
2018-12-21 21:30:00,1.5801537,2.9511707
2018-12-21 22:00:00,1.9502239,2.0649061
2018-12-21 22:30:00,1.7817203,2.6548548
2018-12-21 23:00:00,2.1981666,2.3265207
2018-12-21 23:30:00,1.4958167,4.7856956
2018-12-22 00:00:00,1.1151159,5.186447
2018-12-22 00:30:00,1.1340613,4.3654046
2018-12-22 01:00:00,1.3744713,3.5212474
2018-12-22 01:30:00,5.192551,2.0856473
2018-12-22 02:00:00,9.010632,2.2511275
2018-12-22 02:30:00,4.7031546,4.272757
2018-12-22 03:00:00,49.56255,4.835004
2018-12-22 03:30:00,-2.308395,5.309584
2018-12-22 04:00:00,0.9042689,5.397242
2018-12-22 04:30:00,4.1169286,5.8880763
2018-12-22 05:00:00,9.39135,6.4218354
2018-12-22 05:30:00,8.900516,5.2868547
2018-12-22 06:00:00,8.409685,5.070791
2018-12-22 06:30:00,0.82029015,4.428397
2018-12-22 07:00:00,1.661275,4.2247334
2018-12-22 07:30:00,2.50226,3.2003934
2018-12-22 08:00:00,4.893094,3.6776175
2018-12-22 08:30:00,1.5012915,3.513422
2018-12-22 09:00:00,0.73031664,3.371606
2018-12-22 09:30:00,0.65349483,3.4920123
2018-12-22 10:00:00,-0.3680924,2.4264257
2018-12-22 10:30:00,0.58414465,1.6301827
2018-12-22 11:00:00,2.0758426,1.8850027
2018-12-22 11:30:00,3.5675406,1.2212734
2018-12-22 12:00:00,-10.072957,1.6625639
2018-12-22 12:30:00,-13.625516,1.1573019
2018-12-22 13:00:00,14.263499,2.0438066
2018-12-22 13:30:00,-28.531399,1.828966
2018-12-22 14:00:00,-16.726778,2.0672874
2018-12-22 14:30:00,-4.922158,2.0806837
2018-12-22 15:00:00,6.8824644,1.8899751
2018-12-22 15:30:00,-31.836369,3.1456368
2018-12-22 16:00:00,16.781464,3.1993754
2018-12-22 16:30:00,-6.3937654,2.6122494
2018-12-22 17:00:00,0.38987494,3.3060966
2018-12-22 17:30:00,6.7113695,3.0162082
2018-12-22 18:00:00,13.032861,4.577846
2018-12-22 18:30:00,-6.158555,4.3964443
2018-12-22 19:00:00,-6.286795,3.2430952
2018-12-22 19:30:00,3.275035,3.2281258
2018-12-22 20:00:00,-9.525325,3.932171
2018-12-22 20:30:00,-7.64026,3.7780993
2018-12-22 21:00:00,-7.644481,4.5003343
2018-12-22 21:30:00,-7.6487017,4.041785
2018-12-22 22:00:00,-3.187664,2.8220696
2018-12-22 22:30:00,1.2733691,2.3742688
2018-12-22 23:00:00,1.9423984,2.6098418
2018-12-22 23:30:00,1.2563069,2.3192937
2018-12-23 00:00:00,0.7246059,2.2655945
2018-12-23 00:30:00,1.7401067,2.3878837
2018-12-23 01:00:00,2.4450521,2.3801806
2018-12-23 01:30:00,3.1499932,2.4493647
2018-12-23 02:00:00,3.4867995,1.9596137
2018-12-23 02:30:00,3.823606,1.8045851
2018-12-23 03:00:00,1.8916748,0.031510208
2018-12-23 03:30:00,0.5262902,1.2332498
2018-12-23 04:00:00,-0.8390944,-0.038093418
2018-12-23 04:30:00,-2.204479,0.08228197
2018-12-23 05:00:00,-3.5698636,-0.8247586
2018-12-23 05:30:00,-4.9352484,-0.79413825
2018-12-23 06:00:00,-6.300633,-1.4981661
2018-12-23 06:30:00,-7.6660132,-0.2898462
2018-12-23 07:00:00,-9.031398,-0.7273878
2018-12-23 07:30:00,-10.396782,-0.14867711
2018-12-23 08:00:00,-11.762166,-1.4822005
2018-12-23 08:30:00,-13.127551,-1.1746424
2018-12-23 09:00:00,-14.492935,-0.7404565
2018-12-23 09:30:00,-15.858318,-1.6808002
2018-12-23 10:00:00,-9.135917,-3.0657287
2018-12-23 10:30:00,-2.4135127,-3.1712747
2018-12-23 11:00:00,-2.8973167,-3.1435423
2018-12-23 11:30:00,-3.3220737,-3.2006977
2018-12-23 12:00:00,-4.338352,-5.5900598
2018-12-23 12:30:00,-7.5993066,-6.019435
2018-12-23 13:00:00,-3.6927993,-3.6682174
2018-12-23 13:30:00,-4.409699,-9.446332
2018-12-23 14:00:00,-11.098988,-11.162907
2018-12-23 14:30:00,-0.39650622,-5.8688283
2018-12-23 15:00:00,-2.9357977,-2.7714927
2018-12-23 15:30:00,-0.6596237,-4.327009
2018-12-23 16:00:00,-0.87875056,0.7910942
2018-12-23 16:30:00,-0.54963857,0.8974833
2018-12-23 17:00:00,-0.22052658,1.0557628
2018-12-23 17:30:00,0.10858541,5.3183885
2018-12-23 18:00:00,0.41773388,4.37524
2018-12-23 18:30:00,0.34380022,5.7566113
2018-12-23 19:00:00,0.2698666,4.909492
2018-12-23 19:30:00,2.456749,4.217419
2018-12-23 20:00:00,4.643631,4.481332
2018-12-23 20:30:00,2.8753712,4.056505
2018-12-23 21:00:00,2.03197,2.9405444
2018-12-23 21:30:00,1.1885645,2.2345328
2018-12-23 22:00:00,2.2135773,1.6945431
2018-12-23 22:30:00,2.653129,3.3406537
2018-12-23 23:00:00,3.0926847,2.893989
2018-12-23 23:30:00,2.4876008,2.2820232
2018-12-24 00:00:00,1.8825166,1.6719056
2018-12-24 00:30:00,1.2774326,1.5193412
2018-12-24 01:00:00,1.5385882,4.1931124
2018-12-24 01:30:00,2.2024007,0.93439114
2018-12-24 02:00:00,0.70076674,3.9926908
2018-12-24 02:30:00,2.0948668,1.3374324
2018-12-24 03:00:00,2.081029,0.11388979
2018-12-24 03:30:00,2.247348,-0.351301
2018-12-24 04:00:00,1.9772309,-0.8011292
2018-12-24 04:30:00,1.87941,0.6946497
2018-12-24 05:00:00,1.723857,1.0564007
2018-12-24 05:30:00,2.1410813,0.014849906
2018-12-24 06:00:00,1.4082856,1.0204453
2018-12-24 06:30:00,1.3710939,4.6691694
2018-12-24 07:00:00,0.75381494,2.2047906
2018-12-24 07:30:00,1.8752285,1.5771127
2018-12-24 08:00:00,0.88504815,0.7448491
2018-12-24 08:30:00,-0.363876,-2.1962209
2018-12-24 09:00:00,-1.6128001,-6.5237403
2018-12-24 09:30:00,-2.8554542,-6.5487766
2018-12-24 10:00:00,-3.5433764,-9.563509
2018-12-24 10:30:00,-2.405875,-9.444195
2018-12-24 11:00:00,-3.0958946,-8.586031
2018-12-24 11:30:00,-2.5007858,-8.232747
2018-12-24 12:00:00,-1.5379664,-7.336578
2018-12-24 12:30:00,-2.5900645,-5.659834
2018-12-24 13:00:00,-1.7719578,-2.2351124
2018-12-24 13:30:00,-3.508531,-1.748774
2018-12-24 14:00:00,-2.3748963,-1.4545381
2018-12-24 14:30:00,-1.9133017,-0.23214902
2018-12-24 15:00:00,-0.9230732,0.9011186
2018-12-24 15:30:00,-0.043341,0.4538596
2018-12-24 16:00:00,-1.1490031,2.552267
2018-12-24 16:30:00,0.45631078,1.954637
2018-12-24 17:00:00,0.5924333,2.322903
2018-12-24 17:30:00,1.3922458,1.8085655
2018-12-24 18:00:00,2.2117248,2.2891407
2018-12-24 18:30:00,1.7274356,0.9611403
2018-12-24 19:00:00,1.5911733,1.7906468
2018-12-24 19:30:00,1.9138186,1.4801264
2018-12-24 20:00:00,1.70035,2.5069833
2018-12-24 20:30:00,1.4748439,2.4018612
2018-12-24 21:00:00,1.3319926,2.3932447
2018-12-24 21:30:00,1.085282,3.3127773
2018-12-24 22:00:00,0.91373724,5.193355
2018-12-24 22:30:00,1.5022833,3.334847
2018-12-24 23:00:00,1.2997643,5.0952854
2018-12-24 23:30:00,2.5904682,3.5840087
2018-12-25 00:00:00,1.3570813,3.323574
2018-12-25 00:30:00,1.6276135,1.6566916
2018-12-25 01:00:00,1.4522413,0.970329
2018-12-25 01:30:00,2.5324302,-1.3750685
2018-12-25 02:00:00,3.6126149,-1.7285833
2018-12-25 02:30:00,1.0627319,-0.8938903
2018-12-25 03:00:00,-1.4871509,-1.5592233
2018-12-25 03:30:00,3.5702584,0.15871926
2018-12-25 04:00:00,11.654211,-1.9241726
2018-12-25 04:30:00,2.887234,-1.4010442
2018-12-25 05:00:00,1.8163997,-0.9810806
2018-12-25 05:30:00,2.075895,-0.08930649
2018-12-25 06:00:00,2.2194586,1.2641585
2018-12-25 06:30:00,1.808146,0.6362447
2018-12-25 07:00:00,1.3968337,1.18676
2018-12-25 07:30:00,0.9855212,-0.36899686
2018-12-25 08:00:00,0.57420874,1.2500193
2018-12-25 08:30:00,0.6314996,0.65598536
2018-12-25 09:00:00,0.03674905,1.6312795
2018-12-25 09:30:00,-0.55800587,0.011586008
2018-12-25 10:00:00,-1.1527565,-1.1627753
2018-12-25 10:30:00,-0.6860975,-1.0014461
2018-12-25 11:00:00,-0.6840745,-1.7747235
2018-12-25 11:30:00,-0.56855786,-1.7810023
2018-12-25 12:00:00,-0.32216188,-1.8796927
2018-12-25 12:30:00,-2.729464,-0.27964815
2018-12-25 13:00:00,18.760845,-2.7012644
2018-12-25 13:30:00,15.308921,-2.1013145
2018-12-25 14:00:00,11.857,-1.9864095
2018-12-25 14:30:00,8.405075,-1.1759315
2018-12-25 15:00:00,4.9531507,-1.5356855
2018-12-25 15:30:00,1.501226,0.13940676
2018-12-25 16:00:00,-0.0895468,-1.2938119
2018-12-25 16:30:00,-1.6803195,-0.012781817
2018-12-25 17:00:00,1.7050908,-0.2646307
2018-12-25 17:30:00,14.478987,-0.41289127
2018-12-25 18:00:00,-14.808478,-1.749696
2018-12-25 18:30:00,-8.799058,-0.57247275
2018-12-25 19:00:00,-2.7896388,-0.24097073
2018-12-25 19:30:00,2.4846122,-0.5441114
2018-12-25 20:00:00,-4.5596724,0.126574
2018-12-25 20:30:00,5.596873,0.88725466
2018-12-25 21:00:00,1.4046941,1.1006927
2018-12-25 21:30:00,1.2604009,1.3470756
2018-12-25 22:00:00,1.1161034,1.3710719
2018-12-25 22:30:00,-36.25519,1.2551228
2018-12-25 23:00:00,-26.697916,1.4658692
2018-12-25 23:30:00,-17.140635,1.7791642
2018-12-26 00:00:00,4.8624125,1.8820753
2018-12-26 00:30:00,-12.439244,1.9399779
2018-12-26 01:00:00,-29.7409,2.0929222
2018-12-26 01:30:00,-47.042557,2.223758
2018-12-26 02:00:00,-38.98403,1.7189678
2018-12-26 02:30:00,-21.10812,2.1029413
2018-12-26 03:00:00,-3.2322052,1.9344201
2018-12-26 03:30:00,4.3276577,2.1269245
2018-12-26 04:00:00,4.221688,2.105257
2018-12-26 04:30:00,4.115714,2.2581403
2018-12-26 05:00:00,10.64436,2.4397304
2018-12-26 05:30:00,17.17301,1.9788868
2018-12-26 06:00:00,23.701649,1.663346
2018-12-26 06:30:00,30.230295,1.7868848
2018-12-26 07:00:00,36.75894,1.0433538
2018-12-26 07:30:00,43.287586,0.44423392
2018-12-26 08:00:00,49.816235,0.044618238
2018-12-26 08:30:00,29.623035,0.12172839
2018-12-26 09:00:00,9.429835,-0.096563965
2018-12-26 09:30:00,-10.763361,0.08731108
2018-12-26 10:00:00,-30.956562,0.2445943
2018-12-26 10:30:00,-21.871746,-0.43880147
2018-12-26 11:00:00,-12.78693,-0.61077005
2018-12-26 11:30:00,-3.7021103,-0.6273299
2018-12-26 12:00:00,5.382705,-0.6564166
2018-12-26 12:30:00,14.467522,-0.6911004
2018-12-26 13:00:00,17.19985,-0.52215105
2018-12-26 13:30:00,19.932178,-0.8587783
2018-12-26 14:00:00,22.664507,-1.3618556
2018-12-26 14:30:00,25.396832,-1.4442658
2018-12-26 15:00:00,28.129166,-1.2938555
2018-12-26 15:30:00,30.86149,-0.43216443
2018-12-26 16:00:00,33.593822,0.6847968
2018-12-26 16:30:00,36.32615,2.2269125
2018-12-26 17:00:00,39.058475,2.209195
2018-12-26 17:30:00,41.79081,2.425329
2018-12-26 18:00:00,44.523132,3.1874864
2018-12-26 18:30:00,47.255466,2.6108687
2018-12-26 19:00:00,46.604767,2.173978
2018-12-26 19:30:00,45.954067,2.9786756
2018-12-26 20:00:00,45.303375,2.4986115
2018-12-26 20:30:00,44.652676,3.050263
2018-12-26 21:00:00,44.001976,3.0406592
2018-12-26 21:30:00,27.505861,2.9993382
2018-12-26 22:00:00,15.010093,2.8205578
2018-12-26 22:30:00,2.5143194,-6.701127
2018-12-26 23:00:00,-9.981449,-8.7800865
2018-12-26 23:30:00,-22.477224,-7.5125356
2018-12-27 00:00:00,-34.972992,1.0503578
2018-12-27 00:30:00,-37.49982,-2.2927222
2018-12-27 01:00:00,-22.007843,-8.708621
2018-12-27 01:30:00,-26.199823,-11.836974
2018-12-27 02:00:00,-4.7902517,-9.0795
2018-12-27 02:30:00,-3.2768247,-1.9625747
2018-12-27 03:00:00,-1.7633939,2.2154868
2018-12-27 03:30:00,-0.2499672,3.446772
2018-12-27 04:00:00,1.2634594,1.7523234
2018-12-27 04:30:00,1.088594,0.48039898
2018-12-27 05:00:00,0.98188156,2.7297847
2018-12-27 05:30:00,-11.640773,2.3342893
2018-12-27 06:00:00,-24.263424,0.8870231
2018-12-27 06:30:00,-22.16609,2.5523107
2018-12-27 07:00:00,-20.068758,0.9555693
2018-12-27 07:30:00,-17.971424,0.59931064
2018-12-27 08:00:00,-28.249767,-1.6804419
2018-12-27 08:30:00,-0.21423909,-2.2033386
2018-12-27 09:00:00,-1.1484438,-5.26367
2018-12-27 09:30:00,3.2120378,-10.071069
2018-12-27 10:00:00,-0.9765889,-11.372801
2018-12-27 10:30:00,-0.826668,-11.914538
2018-12-27 11:00:00,-1.2590581,-9.693449
2018-12-27 11:30:00,-1.8220742,-8.140179
2018-12-27 12:00:00,-2.8296707,-5.937405
2018-12-27 12:30:00,-2.8293517,-5.2282043
2018-12-27 13:00:00,-2.8871975,-8.848266
2018-12-27 13:30:00,-3.552631,-7.603099
2018-12-27 14:00:00,-3.5764656,-7.8048797
2018-12-27 14:30:00,-2.9503126,-6.7481194
2018-12-27 15:00:00,-1.8230093,-6.2093663
2018-12-27 15:30:00,-1.0460789,-4.88577
2018-12-27 16:00:00,-0.52687865,-4.821427
2018-12-27 16:30:00,0.04332928,-5.8951187
2018-12-27 17:00:00,0.6135372,-7.897326
2018-12-27 17:30:00,0.6792259,-12.072835
2018-12-27 18:00:00,0.83763206,-9.619594
2018-12-27 18:30:00,0.61563015,-8.310841
2018-12-27 19:00:00,0.55717707,-7.161586
2018-12-27 19:30:00,1.306445,-4.566563
2018-12-27 20:00:00,1.306113,-0.9933759
2018-12-27 20:30:00,0.8492545,-1.2125247
2018-12-27 21:00:00,0.39239603,-0.5983567
2018-12-27 21:30:00,0.039287638,0.42840818
2018-12-27 22:00:00,-0.31382078,-1.7368283
2018-12-27 22:30:00,-0.9671293,-0.40529734
2018-12-27 23:00:00,-0.39431283,-0.6174071
2018-12-27 23:30:00,0.17849927,-1.2586037
2018-12-28 00:00:00,0.58323145,-2.1314237
2018-12-28 00:30:00,-0.17912269,-3.4490862
2018-12-28 01:00:00,-0.9414725,-1.1669481
2018-12-28 01:30:00,-1.7038267,-2.4940526
2018-12-28 02:00:00,0.43435922,-5.875264
2018-12-28 02:30:00,0.47734916,-6.4147077
2018-12-28 03:00:00,0.5203435,-9.126968
2018-12-28 03:30:00,0.255758,-7.321106
2018-12-28 04:00:00,0.23160426,-2.0134864
2018-12-28 04:30:00,0.5005504,-3.5899189
2018-12-28 05:00:00,0.5472281,1.2236634
2018-12-28 05:30:00,0.5939101,3.2312279
2018-12-28 06:00:00,0.54577744,6.1212854
2018-12-28 06:30:00,2.1229877,6.2003098
2018-12-28 07:00:00,1.0766569,-1.1281877
2018-12-28 07:30:00,0.030326117,-7.2509866
2018-12-28 08:00:00,-0.0421438,-18.424854
2018-12-28 08:30:00,-0.114618085,-21.67921
2018-12-28 09:00:00,-0.187088,-25.620337
2018-12-28 09:30:00,-0.25956228,-24.635166
2018-12-28 10:00:00,-1.1494576,-26.123646
2018-12-28 10:30:00,-0.8042227,-25.004398
2018-12-28 11:00:00,-0.1714108,-26.008148
2018-12-28 11:30:00,-4.7945776,-28.144205
2018-12-28 12:00:00,-1.9773737,-26.005713
2018-12-28 12:30:00,-1.2409822,-23.457436
2018-12-28 13:00:00,-5.7857933,-16.274078
2018-12-28 13:30:00,-4.697565,-10.308508
2018-12-28 14:00:00,-3.0869944,-4.7109046
2018-12-28 14:30:00,-4.139534,-1.7496611
2018-12-28 15:00:00,-3.798948,0.21759178
2018-12-28 15:30:00,-3.0929105,4.617367
2018-12-28 16:00:00,-2.4023402,10.143795
2018-12-28 16:30:00,-1.4168613,19.06334
2018-12-28 17:00:00,-0.3209035,22.851236
2018-12-28 17:30:00,0.77505,22.283714
2018-12-28 18:00:00,0.74942374,23.73538
2018-12-28 18:30:00,0.76789737,23.862947
2018-12-28 19:00:00,0.60853434,16.5327
2018-12-28 19:30:00,0.78422123,13.940802
2018-12-28 20:00:00,0.5575659,11.678893
2018-12-28 20:30:00,0.39902872,8.114833
2018-12-28 21:00:00,0.25048855,7.006458
2018-12-28 21:30:00,0.49469984,5.684124
2018-12-28 22:00:00,0.07485408,5.581506
2018-12-28 22:30:00,0.55232275,8.260481
2018-12-28 23:00:00,0.3795065,9.134179
2018-12-28 23:30:00,0.46192104,3.4120226
2018-12-29 00:00:00,0.24992055,2.0466115
2018-12-29 00:30:00,0.23310295,6.273024
2018-12-29 01:00:00,0.3476103,7.855098
2018-12-29 01:30:00,0.46211764,13.044138
2018-12-29 02:00:00,0.31248513,10.718625
2018-12-29 02:30:00,0.16285264,9.659741
2018-12-29 03:00:00,0.24667412,7.6760464
2018-12-29 03:30:00,0.32031062,5.5644217
2018-12-29 04:00:00,0.378318,5.1419454
2018-12-29 04:30:00,0.31971204,7.3470087
2018-12-29 05:00:00,0.2611017,5.3028116
2018-12-29 05:30:00,0.2024957,4.594712
2018-12-29 06:00:00,0.47989213,1.7845123
2018-12-29 06:30:00,0.6550154,0.078380145
2018-12-29 07:00:00,0.8301343,-3.434689
2018-12-29 07:30:00,0.87360924,0.41056815
2018-12-29 08:00:00,0.2539884,3.630184
2018-12-29 08:30:00,0.035918877,0.6237964
2018-12-29 09:00:00,-1.2323396,-0.20303172
2018-12-29 09:30:00,-1.5904728,-2.825808
2018-12-29 10:00:00,-5.7513146,-6.2350535
2018-12-29 10:30:00,-3.8949208,-5.7253084
2018-12-29 11:00:00,-2.092982,-6.3454537
2018-12-29 11:30:00,-2.2001665,-4.8235855
2018-12-29 12:00:00,-2.4400694,-5.8386188
2018-12-29 12:30:00,-1.9364285,-1.9618537
2018-12-29 13:00:00,-2.1740859,-0.9062949
2018-12-29 13:30:00,-3.2011826,0.09075412
2018-12-29 14:00:00,-3.2044203,-1.8151444
2018-12-29 14:30:00,-2.36084,-5.459858
2018-12-29 15:00:00,-2.1850312,-5.565657
2018-12-29 15:30:00,-0.6520472,-6.8906384
2018-12-29 16:00:00,-0.65152293,-2.6077342
2018-12-29 16:30:00,-0.5326375,1.6600298
2018-12-29 17:00:00,-0.41375202,2.133684
2018-12-29 17:30:00,1.0563395,3.881526
2018-12-29 18:00:00,2.287393,2.9950955
2018-12-29 18:30:00,1.8390766,0.89539915
2018-12-29 19:00:00,1.3907602,1.4037372
2018-12-29 19:30:00,0.64793706,1.5162827
2018-12-29 20:00:00,0.46926588,1.1243396
2018-12-29 20:30:00,0.6075075,-0.3108846
2018-12-29 21:00:00,0.97786176,-1.8688611
2018-12-29 21:30:00,0.44508594,-1.1886768
2018-12-29 22:00:00,0.67656934,-3.015477
2018-12-29 22:30:00,0.4082524,-3.973381
2018-12-29 23:00:00,0.742695,-5.9794645
2018-12-29 23:30:00,0.52315736,-4.97781
2018-12-30 00:00:00,0.4718438,-4.440966
2018-12-30 00:30:00,0.42053023,-2.0469337
2018-12-30 01:00:00,0.5251192,-0.19427994
2018-12-30 01:30:00,0.3529933,1.5730841
2018-12-30 02:00:00,0.900153,1.5093923
2018-12-30 02:30:00,0.8174457,2.5228353
2018-12-30 03:00:00,0.73474276,2.415367
2018-12-30 03:30:00,0.95612425,3.3405752
2018-12-30 04:00:00,1.1362461,3.2548006
2018-12-30 04:30:00,0.50233746,3.3007967
2018-12-30 05:00:00,0.42222992,0.4508972
2018-12-30 05:30:00,0.34212238,-1.083262
2018-12-30 06:00:00,0.79286814,-1.3625941
2018-12-30 06:30:00,0.3316447,-0.9710005
2018-12-30 07:00:00,0.9067507,0.22105667
2018-12-30 07:30:00,0.7617366,-1.4506582
2018-12-30 08:00:00,0.5044828,-0.60599434
2018-12-30 08:30:00,0.25777224,-0.62827367
2018-12-30 09:00:00,0.055270694,-0.8349086
2018-12-30 09:30:00,-0.900322,-0.93268573
2018-12-30 10:00:00,-2.508122,-1.4864606
2018-12-30 10:30:00,-1.7331057,-1.7354388
2018-12-30 11:00:00,-1.8149608,-1.818002
2018-12-30 11:30:00,-2.0461953,-2.0585692
2018-12-30 12:00:00,-1.8102157,-2.1270761
2018-12-30 12:30:00,-2.168882,-2.1115694
2018-12-30 13:00:00,-1.7834667,-2.2831402
2018-12-30 13:30:00,-0.9995367,-1.947247
2018-12-30 14:00:00,-1.8542893,-1.6120137
2018-12-30 14:30:00,-1.0806841,-1.408647
2018-12-30 15:00:00,-0.71468174,-1.1119293
2018-12-30 15:30:00,-0.59351116,-0.82858175
2018-12-30 16:00:00,-0.44847083,-0.5216442
2018-12-30 16:30:00,-0.34149185,-0.43072256
2018-12-30 17:00:00,-0.056186866,-0.22738644
2018-12-30 17:30:00,0.15866682,-0.08706501
2018-12-30 18:00:00,0.41277903,-0.10254122
2018-12-30 18:30:00,0.3016317,0.07188293
2018-12-30 19:00:00,0.3409514,0.11879219
2018-12-30 19:30:00,0.3747308,-0.023753235
2018-12-30 20:00:00,0.2857011,-0.021612257
2018-12-30 20:30:00,0.11893201,-0.33090928
2018-12-30 21:00:00,1.2973568,-0.47750512
2018-12-30 21:30:00,2.4757862,-0.45365724
2018-12-30 22:00:00,3.6542108,-0.5401746
2018-12-30 22:30:00,4.8326354,-0.111327976
2018-12-30 23:00:00,4.518978,-0.1603782
2018-12-30 23:30:00,4.205316,-0.47227064
2018-12-31 00:00:00,3.8916585,0.24022497
2018-12-31 00:30:00,3.5779965,0.23060805
2018-12-31 01:00:00,3.2643387,0.20960025
2018-12-31 01:30:00,2.9506812,0.4021353
2018-12-31 02:00:00,2.6370192,0.23355298
2018-12-31 02:30:00,2.3233616,0.23417343
2018-12-31 03:00:00,2.0096993,0.101507075
2018-12-31 03:30:00,1.6960418,0.34388325
2018-12-31 04:00:00,1.3823842,0.41135463
2018-12-31 04:30:00,1.0687222,0.5271116
2018-12-31 05:00:00,0.7550646,1.0171247
2018-12-31 05:30:00,0.44140258,1.0632168
2018-12-31 06:00:00,0.12774497,0.63210255
2018-12-31 06:30:00,-0.18591264,0.0021132724
2018-12-31 07:00:00,-0.49957466,0.010541734
2018-12-31 07:30:00,-0.8132323,-0.4865671
2018-12-31 08:00:00,-1.12689,-0.7832892
2018-12-31 08:30:00,-1.4405519,-0.6678905
2018-12-31 09:00:00,-1.7542095,-0.8139838
2018-12-31 09:30:00,-2.0678716,-1.0797403
2018-12-31 10:00:00,-2.381529,-1.7005671
2018-12-31 10:30:00,-2.6951866,-1.7250661
2018-12-31 11:00:00,-2.2928357,-2.1751082
2018-12-31 11:30:00,-2.8026855,-2.2009878
2018-12-31 12:00:00,-2.924127,-2.4054556
2018-12-31 12:30:00,-4.143244,-2.672287
2018-12-31 13:00:00,-3.7851498,-2.3932126
2018-12-31 13:30:00,-3.2929606,-2.027809
2018-12-31 14:00:00,-2.9670734,-1.8926827
2018-12-31 14:30:00,-3.0815501,-1.2914962
2018-12-31 15:00:00,-1.9992641,-0.9975312
2018-12-31 15:30:00,-1.2510797,-0.3990492
2018-12-31 16:00:00,-1.1290964,-0.07992114
2018-12-31 16:30:00,-0.49947417,0.45451936
2018-12-31 17:00:00,-0.095773116,0.8221515
2018-12-31 17:30:00,-0.0038814656,1.1824781
2018-12-31 18:00:00,-0.226565,1.073013
2018-12-31 18:30:00,-0.44924855,0.958641
2018-12-31 19:00:00,0.37579253,0.7110697
2018-12-31 19:30:00,0.5969293,0.6209214
2018-12-31 20:00:00,0.19680682,0.32951248
2018-12-31 20:30:00,1.510773,0.3993739
2018-12-31 21:00:00,0.32118887,0.59705603
2018-12-31 21:30:00,0.3697279,0.8148547
2018-12-31 22:00:00,0.4182713,0.5401279
2018-12-31 22:30:00,-1.76207,0.60505193
2018-12-31 23:00:00,-0.7962574,0.53967786
2018-12-31 23:30:00,-1.3323233,0.40916994
2019-01-01 00:00:00,0.44286194,0.6654843
2019-01-01 00:30:00,2.2180429,0.70032984
2019-01-01 01:00:00,0.4471745,0.70901173
2019-01-01 01:30:00,0.5180845,0.7218008
2019-01-01 02:00:00,0.5889946,0.8549084
2019-01-01 02:30:00,0.48897162,0.9655227
2019-01-01 03:00:00,0.37165478,0.9690706
2019-01-01 03:30:00,0.25433794,1.0160235
2019-01-01 04:00:00,0.68527305,1.0735372
2019-01-01 04:30:00,0.6034834,0.86607647
2019-01-01 05:00:00,0.5831397,0.75167835
2019-01-01 05:30:00,0.16967319,0.49962845
2019-01-01 06:00:00,-0.6039539,0.20522216
2019-01-01 06:30:00,4.2355433,-0.3853076
2019-01-01 07:00:00,9.075045,-0.83403033
2019-01-01 07:30:00,13.914546,-1.311416
2019-01-01 08:00:00,11.194858,-1.3440812
2019-01-01 08:30:00,8.475168,-1.2908975
2019-01-01 09:00:00,5.177311,-1.332284
2019-01-01 09:30:00,1.8794494,-1.6444298
2019-01-01 10:00:00,-1.418408,-1.7908771
2019-01-01 10:30:00,0.042481627,-1.8776217
2019-01-01 11:00:00,-3.152648,-2.219064
2019-01-01 11:30:00,-2.752141,-2.748012
2019-01-01 12:00:00,-0.546331,-2.5035472
2019-01-01 12:30:00,-2.4361415,-2.5829818
2019-01-01 13:00:00,-0.102091186,-2.0366876
2019-01-01 13:30:00,-3.3169746,-1.7773496
2019-01-01 14:00:00,-3.093544,-1.1177361
2019-01-01 14:30:00,-3.7362087,-1.1969392
2019-01-01 15:00:00,-2.416864,-0.85667664
2019-01-01 15:30:00,-2.443731,-0.7666813
2019-01-01 16:00:00,0.027748205,-0.38219225
2019-01-01 16:30:00,-0.96934015,-0.04060579
2019-01-01 17:00:00,0.35448763,0.15146178
2019-01-01 17:30:00,0.64059216,0.2953049
2019-01-01 18:00:00,0.7815821,0.28491896
2019-01-01 18:30:00,1.4777801,0.10377913
2019-01-01 19:00:00,0.5512828,-0.0068351417
2019-01-01 19:30:00,0.94704914,0.20727138
2019-01-01 20:00:00,1.3428154,0.23291942
2019-01-01 20:30:00,1.4015831,0.30729
2019-01-01 21:00:00,1.4603463,0.39304706
2019-01-01 21:30:00,0.586054,0.4738974
2019-01-01 22:00:00,2.9257367,0.23476766
2019-01-01 22:30:00,0.8157023,-0.028546404
2019-01-01 23:00:00,-1.029576,0.0024977745
2019-01-01 23:30:00,0.2989489,0.12625065
2019-01-02 00:00:00,1.6274781,0.47795215
2019-01-02 00:30:00,2.2062936,0.46264195
2019-01-02 01:00:00,1.5218711,0.29401156
2019-01-02 01:30:00,0.5284967,0.46274683
2019-01-02 02:00:00,1.2559223,0.5785431
2019-01-02 02:30:00,0.8668455,0.6622073
2019-01-02 03:00:00,0.47776425,0.74256825
2019-01-02 03:30:00,0.69975746,1.051223
2019-01-02 04:00:00,1.558543,1.0269076
2019-01-02 04:30:00,1.1732106,0.8495079
2019-01-02 05:00:00,0.254587,0.96223694
2019-01-02 05:30:00,0.83089453,1.1375045
2019-01-02 06:00:00,0.9035086,0.97278017
2019-01-02 06:30:00,1.0940338,1.4808474
2019-01-02 07:00:00,1.3549229,1.3493258
2019-01-02 07:30:00,0.8565295,0.4785988
2019-01-02 08:00:00,0.61780167,0.36387736
2019-01-02 08:30:00,0.64400464,-0.09089256
2019-01-02 09:00:00,0.09621143,-0.23382685
2019-01-02 09:30:00,-0.8402086,-0.93597585
2019-01-02 10:00:00,-1.360641,-1.2848679
2019-01-02 10:30:00,-3.495008,-1.850252
2019-01-02 11:00:00,-2.0685093,-2.3277686
2019-01-02 11:30:00,-2.6191163,-2.1636999
2019-01-02 12:00:00,-3.325556,-2.0923355
2019-01-02 12:30:00,-2.4562972,-1.6725421
2019-01-02 13:00:00,-2.124826,-1.2812588
2019-01-02 13:30:00,-3.2062511,-1.5908399
2019-01-02 14:00:00,-2.8601556,-1.7679948
2019-01-02 14:30:00,-1.7563854,-1.5957553
2019-01-02 15:00:00,-0.9397641,-1.019557
2019-01-02 15:30:00,0.93655396,-0.6593003
2019-01-02 16:00:00,0.25137118,-0.08165577
2019-01-02 16:30:00,-0.0005651347,0.16119666
2019-01-02 17:00:00,1.808299,0.39639398
2019-01-02 17:30:00,1.1988719,0.9259059
2019-01-02 18:00:00,0.58944464,0.8365659
2019-01-02 18:30:00,0.75760317,0.9380264
2019-01-02 19:00:00,0.76146567,1.0558544
2019-01-02 19:30:00,0.7378101,1.0478586
2019-01-02 20:00:00,0.8934111,1.2649144
2019-01-02 20:30:00,0.6650561,1.2923758
2019-01-02 21:00:00,1.244715,1.0276241
2019-01-02 21:30:00,1.533843,0.7511671
2019-01-02 22:00:00,1.3061348,0.7597573
2019-01-02 22:30:00,1.0784309,0.6392814
2019-01-02 23:00:00,0.8173102,0.72589046
2019-01-02 23:30:00,0.8403847,0.91067
2019-01-03 00:00:00,0.70719844,1.0957335
2019-01-03 00:30:00,0.6968344,1.168601
2019-01-03 01:00:00,0.7469857,1.2111584
2019-01-03 01:30:00,0.9321322,1.0240239
2019-01-03 02:00:00,1.1469421,1.1154785
2019-01-03 02:30:00,0.7000677,1.1352935
2019-01-03 03:00:00,1.1317936,1.0205065
2019-01-03 03:30:00,1.2086504,1.2071124
2019-01-03 04:00:00,0.79329634,1.6307857
2019-01-03 04:30:00,1.3725837,1.7107666
2019-01-03 05:00:00,1.2279717,1.9300638
2019-01-03 05:30:00,0.96180004,2.0494823
2019-01-03 06:00:00,1.0448176,1.6740816
2019-01-03 06:30:00,0.791151,1.3306949
2019-01-03 07:00:00,0.7878434,0.7070936
2019-01-03 07:30:00,0.81335163,0.20961335
2019-01-03 08:00:00,0.4005274,-0.19112964
2019-01-03 08:30:00,0.18730786,-0.2420849
2019-01-03 09:00:00,-1.0317256,-0.48645788
2019-01-03 09:30:00,-1.1012725,-0.9005361
2019-01-03 10:00:00,-1.3264859,-1.1047854
2019-01-03 10:30:00,-2.4404016,-1.0208896
2019-01-03 11:00:00,-2.29918,-1.3008597
2019-01-03 11:30:00,-2.570289,-1.3418003
2019-01-03 12:00:00,-4.155373,-1.3810502
2019-01-03 12:30:00,-2.9759867,-1.1623471
2019-01-03 13:00:00,-3.0375247,-1.4262073
2019-01-03 13:30:00,-3.4942694,-1.64287
2019-01-03 14:00:00,-2.0368316,-1.5185009
2019-01-03 14:30:00,-2.0664253,-1.0981047
2019-01-03 15:00:00,-1.1680317,-0.8879087
2019-01-03 15:30:00,-0.26789463,-0.43704936
2019-01-03 16:00:00,-0.6131601,-0.28741685
2019-01-03 16:30:00,-0.37303412,0.12868439
2019-01-03 17:00:00,0.2196541,1.0093472
2019-01-03 17:30:00,0.90716577,1.1396453
2019-01-03 18:00:00,0.7294253,1.3444146
2019-01-03 18:30:00,0.5516848,1.0146778
2019-01-03 19:00:00,0.16209675,0.911924
2019-01-03 19:30:00,1.534564,0.5873474
2019-01-03 20:00:00,2.0734262,0.5403114
2019-01-03 20:30:00,2.7595968,0.6355456
2019-01-03 21:00:00,0.9459874,0.6077741
2019-01-03 21:30:00,0.9765247,0.4862539
2019-01-03 22:00:00,0.6120516,0.5295235
2019-01-03 22:30:00,1.6537117,0.7903864
2019-01-03 23:00:00,1.5213337,1.114561
2019-01-03 23:30:00,1.3889557,1.3630979
2019-01-04 00:00:00,0.64609754,1.9049969
2019-01-04 00:30:00,0.95493144,1.5425162
2019-01-04 01:00:00,0.6330769,1.1749846
2019-01-04 01:30:00,0.9957935,1.0100201
2019-01-04 02:00:00,0.8849433,1.0015348
2019-01-04 02:30:00,0.75099236,0.772507
2019-01-04 03:00:00,0.65207046,0.36127758
2019-01-04 03:30:00,1.1607449,0.5106217
2019-01-04 04:00:00,0.961953,0.51546735
2019-01-04 04:30:00,-4.9806285,0.7139185
2019-01-04 05:00:00,-2.7728386,0.99758494
2019-01-04 05:30:00,-0.56504923,1.4665465
2019-01-04 06:00:00,1.6427402,1.7263213
2019-01-04 06:30:00,3.85053,1.5560831
2019-01-04 07:00:00,2.4431908,1.0722613
2019-01-04 07:30:00,1.6167252,0.7905655
2019-01-04 08:00:00,0.79025966,0.2084817
2019-01-04 08:30:00,-0.03620586,-0.01554761
2019-01-04 09:00:00,-0.8626714,-0.14386208
2019-01-04 09:30:00,0.7678668,-0.48637924
2019-01-04 10:00:00,-0.8196377,-0.7237438
2019-01-04 10:30:00,-0.47369066,-0.82748073
2019-01-04 11:00:00,3.706595,-0.8036372
2019-01-04 11:30:00,4.606688,-0.96667045
2019-01-04 12:00:00,-0.9956523,-1.1749308
2019-01-04 12:30:00,5.294763,-1.2936372
2019-01-04 13:00:00,-1.3388991,-1.1863523
2019-01-04 13:30:00,-7.972562,-0.97100925
2019-01-04 14:00:00,2.459969,-0.7873177
2019-01-04 14:30:00,3.48593,-0.5740938
2019-01-04 15:00:00,12.306615,-0.35317546
2019-01-04 15:30:00,5.6175485,-0.2119714
2019-01-04 16:00:00,-1.0715172,0.16058059
2019-01-04 16:30:00,-0.98347497,0.24855293
2019-01-04 17:00:00,-0.8954327,0.45859158
2019-01-04 17:30:00,-0.80739045,0.841062
2019-01-04 18:00:00,-0.7193482,0.8501677
2019-01-04 18:30:00,-0.631306,1.0066688
2019-01-04 19:00:00,-0.54326373,1.0406885
2019-01-04 19:30:00,-3.257556,1.2312967
2019-01-04 20:00:00,-5.9718485,1.2367672
2019-01-04 20:30:00,0.16197442,1.150713
2019-01-04 21:00:00,6.2958016,1.1137614
2019-01-04 21:30:00,17.057598,1.1488647
2019-01-04 22:00:00,11.259873,0.8447541
2019-01-04 22:30:00,5.462153,0.87388885
2019-01-04 23:00:00,-0.33557138,0.987684
2019-01-04 23:30:00,-6.133296,0.78000915
2019-01-05 00:00:00,-11.931015,0.9503305
2019-01-05 00:30:00,-12.399636,1.1776106
2019-01-05 01:00:00,-14.620123,1.0013688
2019-01-05 01:30:00,-16.840612,1.0925788
2019-01-05 02:00:00,-19.061104,1.1283813
2019-01-05 02:30:00,-21.281593,1.0080146
2019-01-05 03:00:00,-18.262993,0.72880924
2019-01-05 03:30:00,-15.244392,0.7640392
2019-01-05 04:00:00,-12.225793,0.9714563
2019-01-05 04:30:00,-9.207193,0.7016887
2019-01-05 05:00:00,-6.1885943,0.94936925
2019-01-05 05:30:00,-3.1699944,0.88017195
2019-01-05 06:00:00,6.0127773,0.65507656
2019-01-05 06:30:00,15.19555,0.22765437
2019-01-05 07:00:00,3.160331,-0.032793406
2019-01-05 07:30:00,0.5521567,0.18043052
2019-01-05 08:00:00,0.33146992,0.2812662
2019-01-05 08:30:00,0.110787556,0.044889137
2019-01-05 09:00:00,-0.26567063,-0.19575676
2019-01-05 09:30:00,-0.23994394,-0.27483314
2019-01-05 10:00:00,-0.3541979,-0.56569153
2019-01-05 10:30:00,-1.0093983,-0.9350146
2019-01-05 11:00:00,-0.54294914,-0.65082383
2019-01-05 11:30:00,-0.07649557,-0.5023754
2019-01-05 12:00:00,-5.4077663,-0.56153196
2019-01-05 12:30:00,-3.0216072,-0.047155432
2019-01-05 13:00:00,-0.63545245,-0.30609143
2019-01-05 13:30:00,-0.41457346,-0.8308626
2019-01-05 14:00:00,-1.4742308,0.02506543
2019-01-05 14:30:00,-2.3288085,-0.032592416
2019-01-05 15:00:00,-9.162802,0.111525975
2019-01-05 15:30:00,-12.074854,0.7445301
2019-01-05 16:00:00,-14.986907,1.0244651
2019-01-05 16:30:00,-17.898962,1.4138085
2019-01-05 17:00:00,23.207834,1.6146191
2019-01-05 17:30:00,20.163307,1.3488538
2019-01-05 18:00:00,-9.228826,1.1071287
2019-01-05 18:30:00,-5.8812327,1.0072324
2019-01-05 19:00:00,-2.5336347,1.082324
2019-01-05 19:30:00,0.81395894,0.47443044
2019-01-05 20:00:00,0.68889964,0.37331074
2019-01-05 20:30:00,0.9098529,0.50339043
2019-01-05 21:00:00,0.8821251,0.90970874
2019-01-05 21:30:00,0.8543928,0.6887729
2019-01-05 22:00:00,0.82666063,0.6701901
2019-01-05 22:30:00,0.7989328,0.51261413
2019-01-05 23:00:00,0.7712006,0.081504226
2019-01-05 23:30:00,0.26769066,-0.7772551
2019-01-06 00:00:00,0.70617163,-1.0481719
2019-01-06 00:30:00,0.57331306,-1.3501676
2019-01-06 01:00:00,0.44045445,-1.1407539
2019-01-06 01:30:00,0.30759147,-0.98650295
2019-01-06 02:00:00,1.08107,-1.8506191
2019-01-06 02:30:00,0.40392673,-2.5272553
2019-01-06 03:00:00,0.547582,-1.3601953
2019-01-06 03:30:00,0.940884,-2.0715156
2019-01-06 04:00:00,1.3341904,-1.1345887
2019-01-06 04:30:00,0.52175045,-1.6986315
2019-01-06 05:00:00,-0.7773119,-0.39632708
2019-01-06 05:30:00,-0.19321382,-0.05256905
2019-01-06 06:00:00,0.39087987,0.773359
2019-01-06 06:30:00,1.7656367,-0.043367215
2019-01-06 07:00:00,0.41903156,0.60848624
2019-01-06 07:30:00,0.5483859,-0.81616414
2019-01-06 08:00:00,0.083815604,-2.1842883
2019-01-06 08:30:00,-0.38075474,-2.7528226
2019-01-06 09:00:00,-0.8453251,-3.3532271
2019-01-06 09:30:00,-1.0148993,-4.0781183
2019-01-06 10:00:00,-2.846685,-4.352784
2019-01-06 10:30:00,-3.8985603,-4.452916
2019-01-06 11:00:00,-1.887409,-4.0446014
2019-01-06 11:30:00,-3.2430978,-2.5153883
2019-01-06 12:00:00,-4.673437,-4.71007
2019-01-06 12:30:00,-5.899383,-5.329647
2019-01-06 13:00:00,-3.3435097,-5.314809
2019-01-06 13:30:00,-2.7460413,-4.1162105
2019-01-06 14:00:00,-1.3007679,-3.4101334
2019-01-06 14:30:00,-1.3203294,-4.0009427
2019-01-06 15:00:00,-1.2593465,-5.0927324
2019-01-06 15:30:00,-0.08588092,-7.57604
2019-01-06 16:00:00,-0.40001482,-7.560345
2019-01-06 16:30:00,0.09067547,-5.9932714
2019-01-06 17:00:00,0.3846623,1.5790614
2019-01-06 17:30:00,0.6786448,2.3061113
2019-01-06 18:00:00,1.6314979,1.7884928
2019-01-06 18:30:00,0.89562196,-0.09964435
2019-01-06 19:00:00,0.6177536,0.6699673
2019-01-06 19:30:00,0.5187793,2.6933138
2019-01-06 20:00:00,0.732178,2.6446087
2019-01-06 20:30:00,0.9820082,3.4829895
2019-01-06 21:00:00,0.9617607,1.0894984
2019-01-06 21:30:00,0.9613675,-0.43985447
2019-01-06 22:00:00,0.5799588,0.17495136
2019-01-06 22:30:00,0.7098812,-0.28098953
2019-01-06 23:00:00,0.5742961,-0.20788169
2019-01-06 23:30:00,0.32547083,-2.0466058
2019-01-07 00:00:00,0.59922326,-1.2514074
2019-01-07 00:30:00,0.87298006,-0.023617785
2019-01-07 01:00:00,0.7605612,1.4767183
2019-01-07 01:30:00,1.1295041,2.5497546
2019-01-07 02:00:00,0.55687124,3.4814427
2019-01-07 02:30:00,0.79728115,2.509277
2019-01-07 03:00:00,0.65291375,0.32876095
2019-01-07 03:30:00,0.6906954,-1.0066324
2019-01-07 04:00:00,0.4412191,-3.299104
2019-01-07 04:30:00,0.52480894,-3.3789494
2019-01-07 05:00:00,0.5831353,-1.6046076
2019-01-07 05:30:00,0.39338788,-1.8198502
2019-01-07 06:00:00,0.65734863,0.51316905
2019-01-07 06:30:00,0.82862246,3.1841352
2019-01-07 07:00:00,0.7109648,4.43482
2019-01-07 07:30:00,0.665646,7.670799
2019-01-07 08:00:00,0.62180835,5.5506234
2019-01-07 08:30:00,0.53010464,4.51086
2019-01-07 09:00:00,0.29593408,4.1577516
2019-01-07 09:30:00,-0.7238443,3.5913405
2019-01-07 10:00:00,-0.2277491,0.7351535
2019-01-07 10:30:00,-0.120800704,1.157918
2019-01-07 11:00:00,13.858732,1.493217
2019-01-07 11:30:00,-0.9343854,1.8280265
2019-01-07 12:00:00,-15.727502,-1.1898915
2019-01-07 12:30:00,-8.552186,-1.0887848
2019-01-07 13:00:00,-8.795506,0.13923635
2019-01-07 13:30:00,-9.03883,0.72860384
2019-01-07 14:00:00,-9.282149,0.6930942
2019-01-07 14:30:00,16.019032,-0.33551458
2019-01-07 15:00:00,12.989001,-0.43198967
2019-01-07 15:30:00,9.958967,-2.4767895
2019-01-07 16:00:00,6.928937,-3.3919964
2019-01-07 16:30:00,3.898903,-2.0865724
2019-01-07 17:00:00,0.86886847,-2.3597302
2019-01-07 17:30:00,0.6152325,-3.1055815
2019-01-07 18:00:00,0.36159217,-2.3714051
2019-01-07 18:30:00,0.39829466,-3.734911
2019-01-07 19:00:00,0.4860136,-4.213988
2019-01-07 19:30:00,0.5737325,-4.0109615
2019-01-07 20:00:00,0.6614514,-4.047813
2019-01-07 20:30:00,0.74917036,-2.6009138
2019-01-07 21:00:00,-0.26318446,-3.3897548
2019-01-07 21:30:00,-1.2755393,-2.2065718
2019-01-07 22:00:00,-2.2878897,-2.018699
2019-01-07 22:30:00,2.2240987,-2.1947484
2019-01-07 23:00:00,6.7360916,-1.8844465
2019-01-07 23:30:00,6.6507187,-1.4967723
2019-01-08 00:00:00,6.5653462,-0.9300248
2019-01-08 00:30:00,6.4799695,-0.28191146
2019-01-08 01:00:00,1.0834382,0.26887038
2019-01-08 01:30:00,3.427713,-0.3828739
2019-01-08 02:00:00,-2.6879816,0.21647322
2019-01-08 02:30:00,-5.4801755,0.02771762
2019-01-08 03:00:00,-8.272365,0.5014592
2019-01-08 03:30:00,-22.062712,2.067969
2019-01-08 04:00:00,-18.23434,1.9166849
2019-01-08 04:30:00,-24.353899,1.1658046
2019-01-08 05:00:00,-3.9933534,1.1644676
2019-01-08 05:30:00,-10.084116,0.58659583
2019-01-08 06:00:00,-16.174877,-0.53390896
2019-01-08 06:30:00,-5.153466,0.15750457
2019-01-08 07:00:00,-3.1465833,-0.115173
2019-01-08 07:30:00,-1.1396965,-0.9120843
2019-01-08 08:00:00,0.8671863,-1.6732368
2019-01-08 08:30:00,0.94030726,-2.1317556
2019-01-08 09:00:00,1.0134325,-1.6569393
2019-01-08 09:30:00,1.2871194,-2.311436
2019-01-08 10:00:00,-1.6431016,-2.7275984
2019-01-08 10:30:00,4.0407624,-1.7960285
2019-01-08 11:00:00,-4.54618,-1.6993743
2019-01-08 11:30:00,-13.133118,-4.033695
2019-01-08 12:00:00,-4.2963367,-6.220154
2019-01-08 12:30:00,4.540445,-5.49095
2019-01-08 13:00:00,9.993127,-5.1134696
2019-01-08 13:30:00,6.408806,-4.77173
2019-01-08 14:00:00,2.8244858,-5.384325
2019-01-08 14:30:00,-0.7598345,-2.4840906
2019-01-08 15:00:00,-0.71064013,-2.1061294
2019-01-08 15:30:00,-0.1610904,-2.416344
2019-01-08 16:00:00,-0.35645247,-0.42789122
2019-01-08 16:30:00,-0.5518145,1.6919041
2019-01-08 17:00:00,0.38351318,0.77532524
2019-01-08 17:30:00,0.6450577,-2.4585257
2019-01-08 18:00:00,0.9815844,-1.337217
2019-01-08 18:30:00,1.3181112,-0.92294645
2019-01-08 19:00:00,1.6546379,-0.7912501
2019-01-08 19:30:00,1.9911647,-0.7942431
2019-01-08 20:00:00,1.4081677,-0.21468039
2019-01-08 20:30:00,0.82517505,-0.7822274
2019-01-08 21:00:00,0.82792336,-1.0320445
2019-01-08 21:30:00,2.5878205,-1.5818346
2019-01-08 22:00:00,2.1106138,-1.4679084
2019-01-08 22:30:00,1.7938932,-0.80818135
2019-01-08 23:00:00,1.2514787,-0.42539194
2019-01-08 23:30:00,1.1605659,-0.6482197
2019-01-09 00:00:00,1.3895106,0.20519595
2019-01-09 00:30:00,0.7419915,1.0280261
2019-01-09 01:00:00,0.8973129,0.7195724
2019-01-09 01:30:00,1.0034748,1.3593228
2019-01-09 02:00:00,1.0973763,0.37861076
2019-01-09 02:30:00,0.8992791,-0.82745886
2019-01-09 03:00:00,1.0043662,-1.2051536
2019-01-09 03:30:00,0.7746174,-2.6702552
2019-01-09 04:00:00,0.2912108,-3.6949928
2019-01-09 04:30:00,0.46507132,-4.805068
2019-01-09 05:00:00,1.2987113,-0.68245786
2019-01-09 05:30:00,1.0037938,-1.1089756
2019-01-09 06:00:00,0.70887625,-3.6360066
2019-01-09 06:30:00,0.41395876,2.0851142
2019-01-09 07:00:00,-0.35802543,2.088754
2019-01-09 07:30:00,0.48329586,2.7956657
2019-01-09 08:00:00,-0.16808572,1.4705619
2019-01-09 08:30:00,-0.8194717,1.5249908
2019-01-09 09:00:00,-1.0300565,1.5597926
2019-01-09 09:30:00,-3.3245292,1.9414897
2019-01-09 10:00:00,-2.853501,-0.13057056
2019-01-09 10:30:00,-2.3824685,-1.4126449
2019-01-09 11:00:00,-4.3243613,-1.7012837
2019-01-09 11:30:00,-2.2131696,-3.9943407
2019-01-09 12:00:00,-3.013253,-3.199968
2019-01-09 12:30:00,-3.2668233,0.8785815
2019-01-09 13:00:00,7.5680537,2.0535457
2019-01-09 13:30:00,15.122866,2.196738
2019-01-09 14:00:00,22.677681,2.433268
2019-01-09 14:30:00,5.1647143,1.776713
2019-01-09 15:00:00,-12.3482485,2.934423
2019-01-09 15:30:00,-2.6946974,1.9083176
2019-01-09 16:00:00,-12.738159,2.7163708
2019-01-09 16:30:00,-3.021275,3.48004
2019-01-09 17:00:00,6.6956096,4.9554577
2019-01-09 17:30:00,16.412495,8.040301
2019-01-09 18:00:00,7.5038114,9.069906
2019-01-09 18:30:00,-1.4048675,7.459882
2019-01-09 19:00:00,-10.31355,6.4329333
2019-01-09 19:30:00,-11.429117,4.133344
2019-01-09 20:00:00,-12.544681,3.8142948
2019-01-09 20:30:00,23.713114,2.8562422
2019-01-09 21:00:00,7.517697,1.9538985
2019-01-09 21:30:00,8.977376,0.40562642
2019-01-09 22:00:00,5.123612,0.119801514
2019-01-09 22:30:00,1.2698431,0.3828665
2019-01-09 23:00:00,-2.5839214,-0.25502253
2019-01-09 23:30:00,-6.437686,-0.87399673
2019-01-10 00:00:00,6.2763276,-0.78194344
2019-01-10 00:30:00,6.061788,-0.10292136
2019-01-10 01:00:00,5.8472447,0.098125204
2019-01-10 01:30:00,5.6327014,-0.5083963
2019-01-10 02:00:00,2.0192988,0.2413479
2019-01-10 02:30:00,2.2278345,0.5989698
2019-01-10 03:00:00,1.6861453,0.06534203
2019-01-10 03:30:00,1.144456,0.8123423
2019-01-10 04:00:00,0.6027668,0.9225852
2019-01-10 04:30:00,0.5688913,1.6937698
2019-01-10 05:00:00,0.53501576,0.4319386
2019-01-10 05:30:00,0.50114024,1.6715342
2019-01-10 06:00:00,0.44387126,1.7471806
2019-01-10 06:30:00,0.20314236,2.182651
2019-01-10 07:00:00,0.17124179,2.182874
2019-01-10 07:30:00,0.21129118,1.868775
2019-01-10 08:00:00,0.25133622,2.7309818
2019-01-10 08:30:00,-0.097284906,1.9067315
2019-01-10 09:00:00,-0.70620084,2.3944945
2019-01-10 09:30:00,-1.2776147,2.9673502
2019-01-10 10:00:00,-3.5122013,3.029242
2019-01-10 10:30:00,-3.0433664,2.8329406
2019-01-10 11:00:00,-2.3904424,1.7751619
2019-01-10 11:30:00,-0.29520738,1.3208289
2019-01-10 12:00:00,-0.77282023,0.6184964
2019-01-10 12:30:00,-1.9344536,-1.1376253
2019-01-10 13:00:00,-1.9725761,0.7743028
2019-01-10 13:30:00,-1.1630462,1.2058715
2019-01-10 14:00:00,-1.6032138,3.4658835
2019-01-10 14:30:00,-1.0079346,4.1168017
2019-01-10 15:00:00,-0.3718675,1.4087489
2019-01-10 15:30:00,-2.0941837,3.2621062
2019-01-10 16:00:00,-0.8590492,1.0105531
2019-01-10 16:30:00,0.05378075,2.9619148
2019-01-10 17:00:00,0.3131886,3.8332403
2019-01-10 17:30:00,0.008562421,2.2440448
2019-01-10 18:00:00,1.0471683,1.9618552
2019-01-10 18:30:00,0.69814515,0.7629556
2019-01-10 19:00:00,0.4561797,-1.1074289
2019-01-10 19:30:00,0.568817,-1.7024153
2019-01-10 20:00:00,0.7538586,-1.3253149
2019-01-10 20:30:00,0.41340384,0.38152513
2019-01-10 21:00:00,0.4966835,0.23575513
2019-01-10 21:30:00,0.56554437,0.3625753
2019-01-10 22:00:00,0.3235527,-0.22826467
2019-01-10 22:30:00,0.636284,-0.7217295
2019-01-10 23:00:00,0.94901097,-0.7082457
2019-01-10 23:30:00,-9.864976,-1.5383159
2019-01-11 00:00:00,-8.397157,-1.0329009
2019-01-11 00:30:00,-6.9293375,-1.3334812
2019-01-11 01:00:00,-5.4615226,-0.999943
2019-01-11 01:30:00,-3.993703,-1.6607144
2019-01-11 02:00:00,-2.5258834,-2.1352162
2019-01-11 02:30:00,18.69409,-3.969051
2019-01-11 03:00:00,12.558757,-5.017689
2019-01-11 03:30:00,6.1763306,-4.653583
2019-01-11 04:00:00,6.113521,-3.8828
2019-01-11 04:30:00,6.0507164,-2.5422814
2019-01-11 05:00:00,5.987907,-2.1987684
2019-01-11 05:30:00,5.925102,-2.1924982
2019-01-11 06:00:00,3.230874,-1.0537952
2019-01-11 06:30:00,0.53664553,-0.9979156
2019-01-11 07:00:00,-0.31175846,-1.8608695
2019-01-11 07:30:00,-0.24903217,-2.5944557
2019-01-11 08:00:00,0.36375064,-4.4979076
2019-01-11 08:30:00,0.9765335,-3.8084383
2019-01-11 09:00:00,1.5893207,-3.9075875
2019-01-11 09:30:00,2.2021034,-3.3700798
2019-01-11 10:00:00,2.8148863,-3.2776244
2019-01-11 10:30:00,4.066087,-3.5006707
2019-01-11 11:00:00,0.32608253,-3.028087
2019-01-11 11:30:00,-6.020204,-1.0393895
2019-01-11 12:00:00,-18.184822,1.3430252
2019-01-11 12:30:00,-14.494319,1.2069813
2019-01-11 13:00:00,-10.803817,1.557407
2019-01-11 13:30:00,-7.2625217,0.6851376
2019-01-11 14:00:00,-3.7212262,0.82679605
2019-01-11 14:30:00,-0.17993538,0.23372339
2019-01-11 15:00:00,-0.59022975,0.93836725
2019-01-11 15:30:00,-0.5597536,0.4485683
2019-01-11 16:00:00,-0.2782893,0.20277971
2019-01-11 16:30:00,0.1785648,0.00697635
2019-01-11 17:00:00,0.6354145,0.0699648
2019-01-11 17:30:00,10.961871,-0.18897118
2019-01-11 18:00:00,-4.852799,-0.43227804
2019-01-11 18:30:00,-0.34870562,-1.0373534
2019-01-11 19:00:00,0.11958304,-1.3213562
2019-01-11 19:30:00,0.5878717,-0.8586123
2019-01-11 20:00:00,0.45488638,-1.9060398
2019-01-11 20:30:00,0.32190108,-1.2155745
2019-01-11 21:00:00,0.35225928,-1.3284259
2019-01-11 21:30:00,0.269919,-0.9381474
2019-01-11 22:00:00,0.29705262,-1.0787266
2019-01-11 22:30:00,0.26426947,-1.0697957
2019-01-11 23:00:00,0.5198891,-1.0903491
2019-01-11 23:30:00,0.16059807,-3.466498
2019-01-12 00:00:00,-0.19869296,-3.3659768
2019-01-12 00:30:00,-0.55798405,-1.6827402
2019-01-12 01:00:00,-0.9172751,-2.6212006
2019-01-12 01:30:00,-1.2765661,-2.155184
2019-01-12 02:00:00,-1.6358571,-1.6255193
2019-01-12 02:30:00,-1.9951482,-0.7788849
2019-01-12 03:00:00,-2.354439,-0.30836785
2019-01-12 03:30:00,-2.71373,-1.0936916
2019-01-12 04:00:00,-3.0730212,-0.75020885
2019-01-12 04:30:00,-3.4323123,-2.0117037
2019-01-12 05:00:00,-3.7916033,-0.77734685
2019-01-12 05:30:00,-4.150894,-0.6709184
2019-01-12 06:00:00,-4.5101852,-1.1993161
2019-01-12 06:30:00,-4.869481,-0.4615439
2019-01-12 07:00:00,-5.228772,-1.3573728
2019-01-12 07:30:00,-5.5880632,-3.2935855
2019-01-12 08:00:00,-5.9473543,-3.7590866
2019-01-12 08:30:00,-6.3066454,-5.06909
2019-01-12 09:00:00,-6.665936,-4.421007
2019-01-12 09:30:00,-7.025227,-5.919504
2019-01-12 10:00:00,-7.384518,-4.048464
2019-01-12 10:30:00,-1.7696944,-4.3730884
2019-01-12 11:00:00,-2.5238864,-4.155718
2019-01-12 11:30:00,-2.1240656,-6.124518
2019-01-12 12:00:00,-2.3478153,-9.370493
2019-01-12 12:30:00,-1.211961,-12.957116
2019-01-12 13:00:00,-1.8411201,-7.698346
2019-01-12 13:30:00,-1.8809904,-5.709531
2019-01-12 14:00:00,-1.9747171,-3.938435
2019-01-12 14:30:00,-3.0729382,-3.4998055
2019-01-12 15:00:00,-2.672571,-2.6475215
2019-01-12 15:30:00,-3.2131371,-1.588712
2019-01-12 16:00:00,-1.8795135,-0.33189675
2019-01-12 16:30:00,-1.3107387,0.8567479
2019-01-12 17:00:00,-0.4027369,1.9277699
2019-01-12 17:30:00,0.13332899,1.9644549
2019-01-12 18:00:00,0.6693949,0.32994503
2019-01-12 18:30:00,0.8485467,0.5771887
2019-01-12 19:00:00,0.6456999,0.315382
2019-01-12 19:30:00,1.238126,1.4337721
2019-01-12 20:00:00,-1.3339268,2.4854772
2019-01-12 20:30:00,-4.4817147,1.9432636
2019-01-12 21:00:00,-4.0117917,1.8714622
2019-01-12 21:30:00,-3.5418735,0.6211355
2019-01-12 22:00:00,-3.0719507,0.070095874
2019-01-12 22:30:00,-2.6020322,0.43241486
2019-01-12 23:00:00,-2.1321096,0.26508215
2019-01-12 23:30:00,-1.6621869,0.47656268
2019-01-13 00:00:00,-1.1922684,0.6644357
2019-01-13 00:30:00,-0.7223456,1.4937282
2019-01-13 01:00:00,-0.25242278,1.5908543
2019-01-13 01:30:00,0.21749565,1.9110004
2019-01-13 02:00:00,0.6874184,3.0394402
2019-01-13 02:30:00,1.1573368,2.1734014
2019-01-13 03:00:00,0.49982506,2.03876
2019-01-13 03:30:00,-0.1576867,1.7520175
2019-01-13 04:00:00,-0.81520283,0.9484211
2019-01-13 04:30:00,-1.4727147,0.15656517
2019-01-13 05:00:00,-2.1302307,-0.5013093
2019-01-13 05:30:00,-2.7877424,-0.7123573
2019-01-13 06:00:00,-3.4452586,-1.6476675
2019-01-13 06:30:00,-4.1027703,-1.4403553
2019-01-13 07:00:00,-4.760287,-2.6179802
2019-01-13 07:30:00,-5.4177985,-2.0444038
2019-01-13 08:00:00,-6.07531,-2.7806249
2019-01-13 08:30:00,-6.732826,-2.707198
2019-01-13 09:00:00,-7.3903384,-2.5358586
2019-01-13 09:30:00,-8.047854,-3.3939755
2019-01-13 10:00:00,-8.705366,-4.7971816
2019-01-13 10:30:00,-9.362882,-3.7099664
2019-01-13 11:00:00,-4.9221315,-4.95997
2019-01-13 11:30:00,-3.8447912,-5.326929
2019-01-13 12:00:00,-2.8670328,-6.4322767
2019-01-13 12:30:00,-3.2334635,-5.6672926
2019-01-13 13:00:00,-5.303798,-3.6665397
2019-01-13 13:30:00,-3.0911846,-2.95802
2019-01-13 14:00:00,-4.802901,-1.8807719
2019-01-13 14:30:00,-3.011706,-1.6598536
2019-01-13 15:00:00,-6.3374534,-1.4284794
2019-01-13 15:30:00,-0.26472685,-0.3070352
2019-01-13 16:00:00,-1.4696343,-1.5315784
2019-01-13 16:30:00,-0.8167496,-0.82641023
2019-01-13 17:00:00,0.30384257,-0.9540518
2019-01-13 17:30:00,0.34540814,-0.19812496
2019-01-13 18:00:00,1.3751005,-0.21553242
2019-01-13 18:30:00,1.0191957,0.111303136
2019-01-13 19:00:00,0.9131867,1.1990029
2019-01-13 19:30:00,0.8071734,1.499251
2019-01-13 20:00:00,0.70116,1.4247231
2019-01-13 20:30:00,0.595151,0.8815177
2019-01-13 21:00:00,0.48913765,0.9283396
2019-01-13 21:30:00,0.38312867,1.6269407
2019-01-13 22:00:00,0.27711532,0.9494785
2019-01-13 22:30:00,-3.2215264,0.5213572
2019-01-13 23:00:00,-0.94391495,0.0007544068
2019-01-13 23:30:00,-1.6284249,-0.10768394
2019-01-14 00:00:00,-1.8532975,0.5707526
2019-01-14 00:30:00,0.2967686,0.31580147
2019-01-14 01:00:00,-0.27314657,0.08094495
2019-01-14 01:30:00,-0.8430618,0.9339717
2019-01-14 02:00:00,-1.4129726,0.7704665
2019-01-14 02:30:00,0.80918765,0.9426842
2019-01-14 03:00:00,1.0583931,0.42835572
2019-01-14 03:30:00,0.40464768,-0.42117992
2019-01-14 04:00:00,0.2805671,-0.3880035
2019-01-14 04:30:00,0.15648653,-1.4998482
2019-01-14 05:00:00,-0.79418194,-1.422524
2019-01-14 05:30:00,-0.7902408,-1.373299
2019-01-14 06:00:00,-2.2508247,-0.9268483
2019-01-14 06:30:00,-0.67982316,-1.4502867
2019-01-14 07:00:00,0.89117837,-0.8890491
2019-01-14 07:30:00,0.940849,-2.031689
2019-01-14 08:00:00,0.9905197,-1.7999128
2019-01-14 08:30:00,1.0401905,-2.8740633
2019-01-14 09:00:00,-0.5520723,-3.3334994
2019-01-14 09:30:00,-0.74954474,-4.028251
2019-01-14 10:00:00,-1.3625023,-3.7396038
2019-01-14 10:30:00,-1.8378868,-3.359615
2019-01-14 11:00:00,-2.8315363,-3.2858999
2019-01-14 11:30:00,-2.9764063,-3.1663547
2019-01-14 12:00:00,-3.8135548,-2.8186467
2019-01-14 12:30:00,-3.0167527,-2.4686625
2019-01-14 13:00:00,-3.4421082,-2.5785952
2019-01-14 13:30:00,-3.1078448,-1.8899431
2019-01-14 14:00:00,-4.002835,-1.8918787
2019-01-14 14:30:00,-2.1652904,-1.1205456
2019-01-14 15:00:00,-1.7021575,-2.0347037
2019-01-14 15:30:00,-1.3703191,0.02214234
2019-01-14 16:00:00,-0.15826344,0.021041265
2019-01-14 16:30:00,0.35332975,0.16926248
2019-01-14 17:00:00,0.27939612,0.42569044
2019-01-14 17:30:00,0.34118736,0.022889497
2019-01-14 18:00:00,0.6058865,0.726559
2019-01-14 18:30:00,0.85472494,0.7245797
2019-01-14 19:00:00,0.7890668,0.69490314
2019-01-14 19:30:00,0.90903586,0.49483964
2019-01-14 20:00:00,1.2205744,0.1747591
2019-01-14 20:30:00,0.57228625,-0.06022414
2019-01-14 21:00:00,0.61498785,-0.10226159
2019-01-14 21:30:00,0.58153176,-0.051393695
2019-01-14 22:00:00,0.7171911,-0.21473719
2019-01-14 22:30:00,0.36460704,-1.2830328
2019-01-14 23:00:00,0.61861,-1.4479798
2019-01-14 23:30:00,0.61473006,-1.7967014
2019-01-15 00:00:00,0.38202322,-2.138065
2019-01-15 00:30:00,0.1493208,-1.7650411
2019-01-15 01:00:00,0.31115687,-1.48546
2019-01-15 01:30:00,0.6843555,-1.2418386
2019-01-15 02:00:00,0.3115807,-1.2196118
2019-01-15 02:30:00,0.26022345,-0.6851057
2019-01-15 03:00:00,0.20887056,-0.28711537
2019-01-15 03:30:00,0.038099177,-0.21971825
2019-01-15 04:00:00,0.44331637,-0.24615277
2019-01-15 04:30:00,0.28857172,-0.65761375
2019-01-15 05:00:00,0.28015202,-0.98127717
2019-01-15 05:30:00,0.89754885,-1.0495307
2019-01-15 06:00:00,0.6593454,-1.6698681
2019-01-15 06:30:00,0.42113757,-1.8298953
2019-01-15 07:00:00,0.2802962,-1.7724166
2019-01-15 07:30:00,0.59343386,-1.8104473
2019-01-15 08:00:00,-0.5915362,-2.0778599
2019-01-15 08:30:00,-1.7765063,-2.4826705
2019-01-15 09:00:00,-1.1308748,-2.6800907
2019-01-15 09:30:00,-0.4852432,-3.011479
2019-01-15 10:00:00,-2.0111094,-3.0679002
2019-01-15 10:30:00,-1.327268,-3.6126742
2019-01-15 11:00:00,-2.2837389,-3.5365124
2019-01-15 11:30:00,-3.2824087,-3.5462253
2019-01-15 12:00:00,-2.986591,-3.0237699
2019-01-15 12:30:00,-3.5678186,-3.210367
2019-01-15 13:00:00,-2.6201344,-3.605657
2019-01-15 13:30:00,-3.696225,-3.4269378
2019-01-15 14:00:00,-2.112819,-3.4675727
2019-01-15 14:30:00,-4.2659917,-3.4240236
2019-01-15 15:00:00,-0.45932865,-3.488764
2019-01-15 15:30:00,-0.063291416,-3.235635
2019-01-15 16:00:00,1.5245321,-3.1451197
2019-01-15 16:30:00,3.1123557,-3.1798253
2019-01-15 17:00:00,2.8814883,-2.6629453
2019-01-15 17:30:00,1.9710395,-2.2120204
2019-01-15 18:00:00,1.004672,-2.2557313
2019-01-15 18:30:00,0.16335076,-1.7320614
2019-01-15 19:00:00,1.0414226,-1.98748
2019-01-15 19:30:00,0.746505,-1.9325224
2019-01-15 20:00:00,0.3041965,-2.177446
2019-01-15 20:30:00,0.41216296,-1.9601934
2019-01-15 21:00:00,0.34394878,-1.845839
2019-01-15 21:30:00,0.5896893,-1.6096324
2019-01-15 22:00:00,0.47851142,-1.4736278
2019-01-15 22:30:00,0.91025054,-1.1873049
2019-01-15 23:00:00,1.341994,-1.0602006
2019-01-15 23:30:00,0.71848446,-0.9138932
2019-01-16 00:00:00,0.75394166,-0.31350183
2019-01-16 00:30:00,0.44758958,0.15488733
2019-01-16 01:00:00,0.34022173,0.47142434
2019-01-16 01:30:00,1.3394248,0.62716955
2019-01-16 02:00:00,0.3247499,0.714268
2019-01-16 02:30:00,0.5726882,0.41635752
2019-01-16 03:00:00,0.3598357,0.1277275
2019-01-16 03:30:00,0.74660116,-0.024683906
2019-01-16 04:00:00,0.70788443,-0.060901385
2019-01-16 04:30:00,0.7062896,0.008077425
2019-01-16 05:00:00,0.3406674,-0.084211834
2019-01-16 05:30:00,0.2923381,0.043757476
2019-01-16 06:00:00,0.12801588,-0.06060427
2019-01-16 06:30:00,0.46049225,-0.20334631
2019-01-16 07:00:00,0.6329415,-0.4173917
2019-01-16 07:30:00,0.31724337,-0.7748913
2019-01-16 08:00:00,0.69901466,-1.0210382
2019-01-16 08:30:00,0.33497414,-1.4675589
2019-01-16 09:00:00,2.403587,-1.8097352
2019-01-16 09:30:00,4.4721956,-1.7985802
2019-01-16 10:00:00,-0.24918072,-2.0042233
2019-01-16 10:30:00,-2.5945039,-1.8257662
2019-01-16 11:00:00,-0.07781948,-1.979637
2019-01-16 11:30:00,-2.6828215,-2.187692
2019-01-16 12:00:00,-3.191085,-2.2000616
2019-01-16 12:30:00,-2.7707937,-2.09033
2019-01-16 13:00:00,-3.2339747,-1.7556907
2019-01-16 13:30:00,-3.259474,-1.7374793
2019-01-16 14:00:00,-3.472532,-1.5028719
2019-01-16 14:30:00,-2.9692712,-1.790392
2019-01-16 15:00:00,-2.9018435,-1.1511791
2019-01-16 15:30:00,-1.635914,-0.79768616
2019-01-16 16:00:00,-1.8414696,-0.40094548
2019-01-16 16:30:00,-1.4028882,0.15353721
2019-01-16 17:00:00,-0.46359748,0.51186264
2019-01-16 17:30:00,-0.3195053,0.63369733
2019-01-16 18:00:00,-0.6604364,0.6034309
2019-01-16 18:30:00,-1.001363,0.76944846
2019-01-16 19:00:00,-0.58950007,0.68262523
2019-01-16 19:30:00,-0.17764148,0.32063398
2019-01-16 20:00:00,0.23422149,0.0859828
2019-01-16 20:30:00,0.6460844,-0.042427804
2019-01-16 21:00:00,0.46788517,0.03502316
2019-01-16 21:30:00,0.30645543,0.14198904
2019-01-16 22:00:00,-0.10479143,0.10344269
2019-01-16 22:30:00,0.14123313,0.34563097
2019-01-16 23:00:00,0.3872577,0.57415634
2019-01-16 23:30:00,-0.37270206,0.5620227
2019-01-17 00:00:00,0.14890571,0.5356624
2019-01-17 00:30:00,0.6705178,0.2135851
2019-01-17 01:00:00,3.9130857,0.33468577
2019-01-17 01:30:00,7.155653,0.25779408
2019-01-17 02:00:00,10.398222,0.23552355
2019-01-17 02:30:00,13.640794,0.08167463
2019-01-17 03:00:00,-0.2306984,0.018900286
2019-01-17 03:30:00,-4.466802,-0.31516656
2019-01-17 04:00:00,6.7348504,-0.5113238
2019-01-17 04:30:00,-1.1211792,-0.5434079
2019-01-17 05:00:00,13.866557,-0.37725055
2019-01-17 05:30:00,-5.5177517,-0.24633192
2019-01-17 06:00:00,-2.3091202,-0.40894574
2019-01-17 06:30:00,0.8995107,-0.6364836
2019-01-17 07:00:00,0.79010236,-0.7627227
2019-01-17 07:30:00,0.6013336,-0.8265981
2019-01-17 08:00:00,0.56885195,-0.9320391
2019-01-17 08:30:00,0.30064422,-1.0235113
2019-01-17 09:00:00,-0.44360337,-1.0558707
2019-01-17 09:30:00,-1.187851,-1.19101
2019-01-17 10:00:00,-1.9320986,-1.4629492
2019-01-17 10:30:00,-2.720319,-1.9392556
2019-01-17 11:00:00,-2.9573953,-1.796981
2019-01-17 11:30:00,-2.455681,-2.244419
2019-01-17 12:00:00,-2.7908971,-2.2605245
2019-01-17 12:30:00,-2.6503353,-2.0091214
2019-01-17 13:00:00,-2.0645902,-1.9002373
2019-01-17 13:30:00,-3.1587696,-1.6668009
2019-01-17 14:00:00,-2.1334903,-1.7535236
2019-01-17 14:30:00,-3.029236,-1.4447421
2019-01-17 15:00:00,-1.7132514,-1.4762014
2019-01-17 15:30:00,-1.8401939,-1.0319703
2019-01-17 16:00:00,-1.2595825,-0.8792705
2019-01-17 16:30:00,-0.6256957,-0.60143715
2019-01-17 17:00:00,-0.27226833,-0.58363646
2019-01-17 17:30:00,-0.24343504,-0.41747907
2019-01-17 18:00:00,-0.21460174,-0.16417517
2019-01-17 18:30:00,0.055336233,-0.17041458
2019-01-17 19:00:00,0.5586976,-0.1006493
2019-01-17 19:30:00,1.0620633,-0.055701867
2019-01-17 20:00:00,1.5654247,0.11250908
2019-01-17 20:30:00,0.9675457,0.09688431
2019-01-17 21:00:00,-1.5450666,0.0029521862
2019-01-17 21:30:00,-7.1900954,-0.20654905
2019-01-17 22:00:00,-12.835119,-0.32383096
2019-01-17 22:30:00,-12.319004,0.062104344
2019-01-17 23:00:00,-11.802884,-0.038587153
2019-01-17 23:30:00,-11.286769,-0.115588084
2019-01-18 00:00:00,-10.770654,0.22758009
2019-01-18 00:30:00,-10.254534,0.3208437
2019-01-18 01:00:00,-9.738418,0.59791684
2019-01-18 01:30:00,-9.222302,0.88981074
2019-01-18 02:00:00,-8.706183,1.3217028
2019-01-18 02:30:00,-8.190067,1.7455858
2019-01-18 03:00:00,-7.673948,1.8706626
2019-01-18 03:30:00,-7.1578326,1.4913294
2019-01-18 04:00:00,-6.641717,1.5083916
2019-01-18 04:30:00,-6.125597,1.301014
2019-01-18 05:00:00,-5.609482,1.0074553
2019-01-18 05:30:00,-5.093362,1.1356999
2019-01-18 06:00:00,-4.577246,1.0731484
2019-01-18 06:30:00,-4.0611305,0.9705824
2019-01-18 07:00:00,-3.5450106,0.52651304
2019-01-18 07:30:00,-3.0288951,0.13874261
2019-01-18 08:00:00,-2.5127797,0.15523688
2019-01-18 08:30:00,-1.99666,-0.019938799
2019-01-18 09:00:00,-1.4805444,-1.2074999
2019-01-18 09:30:00,-0.96442467,-1.7798008
2019-01-18 10:00:00,-1.9301717,-2.4215302
2019-01-18 10:30:00,-3.1227355,-2.8659055
2019-01-18 11:00:00,-3.680268,-2.9932065
2019-01-18 11:30:00,-4.1004286,-3.377573
2019-01-18 12:00:00,-4.466339,-3.4327621
2019-01-18 12:30:00,-4.447459,-3.3224537
2019-01-18 13:00:00,-3.6512818,-3.229081
2019-01-18 13:30:00,-4.1290345,-2.7779114
2019-01-18 14:00:00,-0.50491834,-2.1458294
2019-01-18 14:30:00,3.1192024,-2.3186717
2019-01-18 15:00:00,1.9300901,-1.5757743
2019-01-18 15:30:00,1.6204741,-1.3204037
2019-01-18 16:00:00,-2.914471,-0.7794223
2019-01-18 16:30:00,3.75568,-0.42524776
2019-01-18 17:00:00,-4.5740256,-0.174347
2019-01-18 17:30:00,-0.12721927,0.18414009
2019-01-18 18:00:00,2.1308963,0.4442776
2019-01-18 18:30:00,2.4288986,1.3668774
2019-01-18 19:00:00,2.929525,1.5326633
2019-01-18 19:30:00,2.0763626,1.94942
2019-01-18 20:00:00,2.3589194,2.0147505
2019-01-18 20:30:00,2.170548,1.6088473
2019-01-18 21:00:00,2.028776,1.4310106
2019-01-18 21:30:00,1.9408474,0.31460863
2019-01-18 22:00:00,1.1701216,-0.40077072
2019-01-18 22:30:00,1.3702986,-1.3410664
2019-01-18 23:00:00,1.2889327,-2.1372042
2019-01-18 23:30:00,0.5377029,-2.6510344
2019-01-19 00:00:00,0.69506913,-2.728918
2019-01-19 00:30:00,0.40438116,-0.83515763
2019-01-19 01:00:00,1.0620109,-1.2634231
2019-01-19 01:30:00,0.9119983,-0.56719023
2019-01-19 02:00:00,1.0292845,-1.9090896
2019-01-19 02:30:00,1.5949833,-0.96095973
2019-01-19 03:00:00,1.1874373,-1.0523751
2019-01-19 03:30:00,1.0168056,-0.94954705
2019-01-19 04:00:00,1.260462,1.1786767
2019-01-19 04:30:00,0.5359202,1.4565189
2019-01-19 05:00:00,0.7530372,2.5220792
2019-01-19 05:30:00,0.9510427,1.6726745
2019-01-19 06:00:00,1.0204716,0.5306639
2019-01-19 06:30:00,0.9680001,3.071817
2019-01-19 07:00:00,1.1376879,3.267345
2019-01-19 07:30:00,0.5917036,5.334852
2019-01-19 08:00:00,0.8604269,3.3593633
2019-01-19 08:30:00,0.92715114,3.6085382
2019-01-19 09:00:00,0.0392221,2.9454248
2019-01-19 09:30:00,-0.12503897,2.3304968
2019-01-19 10:00:00,-0.28930005,1.9888839
2019-01-19 10:30:00,-0.30028895,1.5635022
2019-01-19 11:00:00,0.6285634,1.0931119
2019-01-19 11:30:00,-0.45794356,1.645624
2019-01-19 12:00:00,-0.7885018,1.5887526
2019-01-19 12:30:00,-0.7330461,1.4980057
2019-01-19 13:00:00,-0.30207163,1.7715615
2019-01-19 13:30:00,-0.33880907,1.4737778
2019-01-19 14:00:00,-0.9523303,1.1325277
2019-01-19 14:30:00,-0.19926098,1.7821223
2019-01-19 15:00:00,-0.17106561,1.8907397
2019-01-19 15:30:00,-0.023421165,1.7529831
2019-01-19 16:00:00,0.12421892,0.799077
2019-01-19 16:30:00,0.67405695,1.4359654
2019-01-19 17:00:00,0.8971469,-0.20893908
2019-01-19 17:30:00,0.4979943,-0.080047846
2019-01-19 18:00:00,0.5378995,0.122816354
2019-01-19 18:30:00,0.75064284,0.6364238
2019-01-19 19:00:00,0.5292438,0.8070772
2019-01-19 19:30:00,0.61663944,0.4086937
2019-01-19 20:00:00,0.801017,1.1215694
2019-01-19 20:30:00,0.70749557,0.7284203
2019-01-19 21:00:00,1.0384514,1.3788232
2019-01-19 21:30:00,1.5860698,1.4899793
2019-01-19 22:00:00,1.3599651,1.1205469
2019-01-19 22:30:00,1.0063936,1.3333864
2019-01-19 23:00:00,0.7619201,1.0215158
2019-01-19 23:30:00,0.58968496,1.7426889
2019-01-20 00:00:00,0.73914707,2.143021
2019-01-20 00:30:00,0.57711434,2.3768992
2019-01-20 01:00:00,0.59711725,1.8759801
2019-01-20 01:30:00,0.77394015,1.5281454
2019-01-20 02:00:00,0.80651796,1.7615689
2019-01-20 02:30:00,0.7657957,0.9190154
2019-01-20 03:00:00,1.088393,0.6925087
2019-01-20 03:30:00,1.1499046,1.1956997
2019-01-20 04:00:00,1.1502279,1.4926708
2019-01-20 04:30:00,1.1121885,1.6738412
2019-01-20 05:00:00,1.3662089,0.24580462
2019-01-20 05:30:00,0.24718097,0.32025382
2019-01-20 06:00:00,0.94103694,0.38418606
2019-01-20 06:30:00,1.0558108,0.22986525
2019-01-20 07:00:00,0.89720803,-0.08580227
2019-01-20 07:30:00,0.30852214,-0.8225958
2019-01-20 08:00:00,0.56526035,-0.8916576
2019-01-20 08:30:00,0.2561687,-1.1313117
2019-01-20 09:00:00,-0.052922968,-1.4927962
2019-01-20 09:30:00,-0.36201465,-1.5248628
2019-01-20 10:00:00,-1.8487053,-1.8282961
2019-01-20 10:30:00,-2.2799027,-2.2012763
2019-01-20 11:00:00,-2.5872684,-2.5882995
2019-01-20 11:30:00,-2.930183,-2.9955266
2019-01-20 12:00:00,-5.314896,-3.419864
2019-01-20 12:30:00,-2.9522743,-3.4166918
2019-01-20 13:00:00,-2.72253,-3.4835296
2019-01-20 13:30:00,-3.5877428,-3.613688
2019-01-20 14:00:00,-6.503257,-3.3000216
2019-01-20 14:30:00,-1.7750994,-3.0111818
2019-01-20 15:00:00,-5.528439,-2.8406858
2019-01-20 15:30:00,-1.4327482,-2.3403654
2019-01-20 16:00:00,-1.0658327,-1.9549983
2019-01-20 16:30:00,-1.0220693,-1.4495265
2019-01-20 17:00:00,0.49591887,-1.0255343
2019-01-20 17:30:00,0.477974,-0.68898565
2019-01-20 18:00:00,1.0008051,-0.27301985
2019-01-20 18:30:00,1.473568,0.041481048
2019-01-20 19:00:00,1.0159361,-0.058777884
2019-01-20 19:30:00,0.47530434,-0.14642689
2019-01-20 20:00:00,0.79670006,-0.5277045
2019-01-20 20:30:00,0.8570713,-0.7101595
2019-01-20 21:00:00,0.9174381,-1.2279615
2019-01-20 21:30:00,1.0025835,-1.1764994
2019-01-20 22:00:00,0.9201646,-1.0112028
2019-01-20 22:30:00,0.9672923,-0.76972675
2019-01-20 23:00:00,1.0304948,-0.71171063
2019-01-20 23:30:00,-0.035498027,-0.63710845
2019-01-21 00:00:00,-0.15266195,-0.4796155
2019-01-21 00:30:00,-0.05849825,-0.34579128
2019-01-21 01:00:00,0.035661086,-0.3050122
2019-01-21 01:30:00,0.12982479,-0.18975766
2019-01-21 02:00:00,0.18131313,-0.007870676
2019-01-21 02:30:00,0.23279709,-0.18929452
2019-01-21 03:00:00,0.06280344,-0.020117942
2019-01-21 03:30:00,0.2762371,-0.17291385
2019-01-21 04:00:00,0.48967072,-0.12260525
2019-01-21 04:30:00,-2.9399092,-0.13339315
2019-01-21 05:00:00,2.8482113,0.19101743
2019-01-21 05:30:00,5.10873,0.083221376
2019-01-21 06:00:00,-10.696344,0.07187856
2019-01-21 06:30:00,-9.838559,0.010524257
2019-01-21 07:00:00,-5.7625484,-0.016111255
2019-01-21 07:30:00,-1.7062341,-0.35323665
2019-01-21 08:00:00,2.35008,-0.6675191
2019-01-21 08:30:00,6.406394,-1.0228646
2019-01-21 09:00:00,10.462708,-1.0295409
2019-01-21 09:30:00,14.519023,-1.2911991
2019-01-21 10:00:00,-0.8915353,-1.3512906
2019-01-21 10:30:00,-2.6103296,-1.562522
2019-01-21 11:00:00,-3.3752136,-1.7789226
2019-01-21 11:30:00,-4.1400976,-1.9646283
2019-01-21 12:00:00,-2.917503,-2.908026
2019-01-21 12:30:00,-2.2364233,-2.764209
2019-01-21 13:00:00,-3.3344607,-2.6454592
2019-01-21 13:30:00,-3.824002,-3.027366
2019-01-21 14:00:00,-3.1555755,-3.829455
2019-01-21 14:30:00,-3.2423506,-2.7859204
2019-01-21 15:00:00,-1.915696,-3.7847085
2019-01-21 15:30:00,-1.43388,-2.7078402
2019-01-21 16:00:00,-1.3256164,-2.2428594
2019-01-21 16:30:00,-0.69156796,-1.9214025
2019-01-21 17:00:00,0.15813376,-1.2877079
2019-01-21 17:30:00,-0.15066078,-0.88697803
2019-01-21 18:00:00,-0.45945534,-0.26520747
2019-01-21 18:30:00,-0.7682455,0.26370582
2019-01-21 19:00:00,0.5717226,0.87953407
2019-01-21 19:30:00,1.8562481,0.961918
2019-01-21 20:00:00,3.1407783,0.80861527
2019-01-21 20:30:00,7.113878,0.8264859
2019-01-21 21:00:00,0.05934729,0.40300918
2019-01-21 21:30:00,1.8612336,0.13051514
2019-01-21 22:00:00,-0.44930974,0.14216381
2019-01-21 22:30:00,1.3055668,0.28608558
2019-01-21 23:00:00,-0.79723173,0.15192929
2019-01-21 23:30:00,-0.99001586,0.5058242
2019-01-22 00:00:00,-0.15543647,0.6035489
2019-01-22 00:30:00,0.6791429,0.98156697
2019-01-22 01:00:00,1.2706513,0.849722
2019-01-22 01:30:00,0.9862552,1.1373296
2019-01-22 02:00:00,0.98246264,1.0610409
2019-01-22 02:30:00,0.762925,1.1054204
2019-01-22 03:00:00,0.54338306,0.945297
2019-01-22 03:30:00,0.9990705,1.2584435
2019-01-22 04:00:00,1.2320045,0.9138596
2019-01-22 04:30:00,0.7835745,0.042018477
2019-01-22 05:00:00,0.33514455,0.88826835
2019-01-22 05:30:00,-0.11328544,0.7650048
2019-01-22 06:00:00,-4.704359,0.0062903636
2019-01-22 06:30:00,-3.5748138,0.73942673
2019-01-22 07:00:00,-2.4452689,-0.6039626
2019-01-22 07:30:00,-1.3157197,1.5534527
2019-01-22 08:00:00,-0.1861748,0.4322838
2019-01-22 08:30:00,0.9433745,-0.00278913
2019-01-22 09:00:00,0.16937608,-0.18099713
2019-01-22 09:30:00,-0.5619863,-0.9996765
2019-01-22 10:00:00,-1.7237508,-0.78265125
2019-01-22 10:30:00,-2.2966983,-1.9271437
2019-01-22 11:00:00,-2.923061,-2.256544
2019-01-22 11:30:00,-3.2610602,-2.7909057
2019-01-22 12:00:00,-3.3723998,-3.4175088
2019-01-22 12:30:00,-2.6784956,-3.523011
2019-01-22 13:00:00,-3.8154206,-3.2812204
2019-01-22 13:30:00,-2.653656,-3.571183
2019-01-22 14:00:00,-2.5945783,-3.2851264
2019-01-22 14:30:00,-2.8690252,-3.2354164
2019-01-22 15:00:00,-2.532529,-2.3104923
2019-01-22 15:30:00,-2.4118698,-2.0777812
2019-01-22 16:00:00,-1.424215,-1.923574
2019-01-22 16:30:00,-0.7369217,-1.2077926
2019-01-22 17:00:00,0.12421018,-0.57251644
2019-01-22 17:30:00,-0.023727018,-0.24972689
2019-01-22 18:00:00,-0.17166422,0.029190088
2019-01-22 18:30:00,-1.3488481,0.45282406
2019-01-22 19:00:00,-0.5978805,0.51520956
2019-01-22 19:30:00,0.15309153,0.94978434
2019-01-22 20:00:00,-0.087113075,0.5687908
2019-01-22 20:30:00,-0.23676743,0.89012533
2019-01-22 21:00:00,-0.3864218,0.43157595
2019-01-22 21:30:00,0.017759888,0.9462233
2019-01-22 22:00:00,0.42194155,0.62748414
2019-01-22 22:30:00,0.7885731,1.1416816
2019-01-22 23:00:00,1.410549,0.7875157
2019-01-22 23:30:00,0.23649792,0.37736115
2019-01-23 00:00:00,-0.74965835,0.31338522
2019-01-23 00:30:00,-1.7621617,0.17007081
2019-01-23 01:00:00,-0.7177403,0.82318264
2019-01-23 01:30:00,-3.3243458,1.1068448
2019-01-23 02:00:00,-0.8728301,1.1185415
2019-01-23 02:30:00,-2.2131479,1.5337601
2019-01-23 03:00:00,-1.1002369,1.5642056
2019-01-23 03:30:00,0.012669604,1.4382725
2019-01-23 04:00:00,1.0336058,1.6028438
2019-01-23 04:30:00,2.0545375,1.5997852
2019-01-23 05:00:00,2.1412604,1.2530429
2019-01-23 05:30:00,2.2279787,1.5904086
2019-01-23 06:00:00,2.3147016,1.844949
2019-01-23 06:30:00,2.4014199,1.842629
2019-01-23 07:00:00,2.4881425,2.026491
2019-01-23 07:30:00,2.5748653,1.8423231
2019-01-23 08:00:00,2.6615837,1.1022656
2019-01-23 08:30:00,2.7483063,1.0555836
2019-01-23 09:00:00,2.8350246,0.40248922
2019-01-23 09:30:00,-1.595716,-0.67584705
2019-01-23 10:00:00,-2.1777256,-1.5273184
2019-01-23 10:30:00,-3.835314,-2.3154821
2019-01-23 11:00:00,-3.8543906,-2.8505561
2019-01-23 11:30:00,-3.374117,-3.269528
2019-01-23 12:00:00,-2.8253844,-3.425483
2019-01-23 12:30:00,-2.7614214,-3.4708586
2019-01-23 13:00:00,-1.9890922,-3.710316
2019-01-23 13:30:00,-3.133576,-3.6232088
2019-01-23 14:00:00,-2.9159172,-3.701088
2019-01-23 14:30:00,-3.0608394,-3.5366085
2019-01-23 15:00:00,-5.6072226,-3.2973344
2019-01-23 15:30:00,-1.5622861,-2.6316302
2019-01-23 16:00:00,-1.8541276,-2.0969102
2019-01-23 16:30:00,-1.3807793,-1.867642
2019-01-23 17:00:00,-0.9074353,-1.2868515
2019-01-23 17:30:00,0.057735004,-0.6558966
2019-01-23 18:00:00,1.0229096,-0.30027583
2019-01-23 18:30:00,1.1828845,0.47665444
2019-01-23 19:00:00,1.3428591,0.6735807
2019-01-23 19:30:00,0.113037765,0.84183097
2019-01-23 20:00:00,0.7962063,0.788927
2019-01-23 20:30:00,-9.115258,0.36281997
2019-01-23 21:00:00,-1.1425409,0.019791633
2019-01-23 21:30:00,-1.5798684,-0.15301149
2019-01-23 22:00:00,-2.017196,-0.15088363
2019-01-23 22:30:00,-2.4545233,-0.14957282
2019-01-23 23:00:00,-0.988941,-0.06292002
2019-01-23 23:30:00,-1.9395264,-0.16221333
2019-01-24 00:00:00,-2.8901074,-0.052254457
2019-01-24 00:30:00,-3.8406928,0.17406875
2019-01-24 01:00:00,-3.673727,0.521248
2019-01-24 01:30:00,-3.5067616,0.64566064
2019-01-24 02:00:00,-3.3397958,0.3095402
2019-01-24 02:30:00,-3.17283,-0.10059687
2019-01-24 03:00:00,-3.0058687,0.16773757
2019-01-24 03:30:00,-2.838903,-0.11768536
2019-01-24 04:00:00,-2.6719375,-0.12778291
2019-01-24 04:30:00,-2.5049717,-0.24145572
2019-01-24 05:00:00,-2.338006,-0.56105566
2019-01-24 05:30:00,-2.1710405,-0.9372517
2019-01-24 06:00:00,-2.0040748,-0.38430703
2019-01-24 06:30:00,-1.8371134,0.5758953
2019-01-24 07:00:00,-1.6701478,0.7697805
2019-01-24 07:30:00,-1.503182,-0.029214913
2019-01-24 08:00:00,-1.3362163,-0.2211208
2019-01-24 08:30:00,-1.1692507,-0.12258777
2019-01-24 09:00:00,-1.002285,-0.4893329
2019-01-24 09:30:00,-0.8353237,-0.9854587
2019-01-24 10:00:00,-2.9134178,-1.3764449
2019-01-24 10:30:00,-4.3622394,-1.7391528
2019-01-24 11:00:00,-4.427823,-2.148202
2019-01-24 11:30:00,-4.978308,-2.2681534
2019-01-24 12:00:00,-5.193271,-2.3795583
2019-01-24 12:30:00,-4.631155,-2.4167197
2019-01-24 13:00:00,-5.963857,-2.3884063
2019-01-24 13:30:00,-6.977501,-2.5668416
2019-01-24 14:00:00,-5.4658046,-2.504596
2019-01-24 14:30:00,-4.703219,-2.3271744
2019-01-24 15:00:00,-3.2457893,-2.360377
2019-01-24 15:30:00,-2.991402,-1.6656168
2019-01-24 16:00:00,-1.728391,-1.437122
2019-01-24 16:30:00,-1.5108984,-1.2548941
2019-01-24 17:00:00,-0.7651914,-1.2030824
2019-01-24 17:30:00,-0.040649485,-0.9109177
2019-01-24 18:00:00,0.9085902,-0.45381016
2019-01-24 18:30:00,1.6894222,-0.28921264
2019-01-24 19:00:00,1.5716554,-0.06458474
2019-01-24 19:30:00,0.6185139,-0.04507126
2019-01-24 20:00:00,0.20364483,0.1035563
2019-01-24 20:30:00,0.34332395,-0.6891604
2019-01-24 21:00:00,1.1567863,-0.48174337
2019-01-24 21:30:00,1.9702443,-0.4167232
2019-01-24 22:00:00,1.2613184,-0.4763822
2019-01-24 22:30:00,0.55238825,-0.63460916
2019-01-24 23:00:00,0.52763593,-0.61990196
2019-01-24 23:30:00,0.50287926,-0.7460362
2019-01-25 00:00:00,0.4781269,-0.74355876
2019-01-25 00:30:00,0.4533746,-0.892514
2019-01-25 01:00:00,1.077841,-0.9839294
2019-01-25 01:30:00,3.1090305,-0.8251737
2019-01-25 02:00:00,1.7526249,-0.92203766
2019-01-25 02:30:00,0.40944523,-0.8804983
2019-01-25 03:00:00,2.0401757,-0.5805342
2019-01-25 03:30:00,1.610796,-0.08616056
2019-01-25 04:00:00,1.1625626,-0.6153011
2019-01-25 04:30:00,0.33757827,-0.080812484
2019-01-25 05:00:00,2.2460022,-0.12070895
2019-01-25 05:30:00,3.1464932,-0.3156035
2019-01-25 06:00:00,0.98949295,0.06555176
2019-01-25 06:30:00,1.0150536,0.29933777
2019-01-25 07:00:00,1.0406142,0.54107606
2019-01-25 07:30:00,0.9996866,0.11218575
2019-01-25 08:00:00,1.1126516,-0.26538223
2019-01-25 08:30:00,0.09527202,-1.0216718
2019-01-25 09:00:00,0.8661813,-1.1631773
2019-01-25 09:30:00,-1.4962174,-1.4442091
2019-01-25 10:00:00,-3.0402641,-1.8599344
2019-01-25 10:30:00,-3.5901241,-2.3350043
2019-01-25 11:00:00,-3.754621,-2.6053398
2019-01-25 11:30:00,-6.2904043,-2.9946833
2019-01-25 12:00:00,-3.9135778,-3.3849223
2019-01-25 12:30:00,-3.2888405,-3.3468697
2019-01-25 13:00:00,-3.5370672,-3.404864
2019-01-25 13:30:00,-5.3503666,-3.8557582
2019-01-25 14:00:00,-2.6001709,-3.5419085
2019-01-25 14:30:00,-2.6807983,-3.280766
2019-01-25 15:00:00,-1.3554939,-2.6126192
2019-01-25 15:30:00,-0.57851994,-2.1995547
2019-01-25 16:00:00,0.22115716,-1.6440977
2019-01-25 16:30:00,1.0208342,-1.4380571
2019-01-25 17:00:00,1.8205113,-1.0041595
2019-01-25 17:30:00,-0.09478564,-0.80894595
2019-01-25 18:00:00,3.6883442,-0.7817206
2019-01-25 18:30:00,1.6744004,-0.65378624
2019-01-25 19:00:00,0.32812738,-0.5292818
2019-01-25 19:30:00,0.6514194,-0.5792671
2019-01-25 20:00:00,0.6504407,-0.6850445
2019-01-25 20:30:00,2.289477,-0.53029114
2019-01-25 21:00:00,1.6633198,-0.44710323
2019-01-25 21:30:00,1.4070098,-0.30892712
2019-01-25 22:00:00,0.6737599,-0.07455558
2019-01-25 22:30:00,0.90418154,-0.34667826
2019-01-25 23:00:00,1.8897654,-0.27597353
2019-01-25 23:30:00,0.8732859,-0.4680717
2019-01-26 00:00:00,0.9194218,-0.8360228
2019-01-26 00:30:00,0.96556205,-0.7400938
2019-01-26 01:00:00,-0.63657975,-0.6447548
2019-01-26 01:30:00,2.5493484,-0.68050474
2019-01-26 02:00:00,4.408355,-0.646035
2019-01-26 02:30:00,2.1034262,-0.6106958
2019-01-26 03:00:00,1.8481692,-0.5440065
2019-01-26 03:30:00,1.2053385,-0.56453806
2019-01-26 04:00:00,1.4173477,-0.7459881
2019-01-26 04:30:00,1.3369911,-0.7373892
2019-01-26 05:00:00,-0.031478234,-0.664714
2019-01-26 05:30:00,1.882106,-0.39201018
2019-01-26 06:00:00,1.4446867,-0.62197304
2019-01-26 06:30:00,1.5130231,-0.9401573
2019-01-26 07:00:00,0.6915562,-1.20885
2019-01-26 07:30:00,0.50625676,-1.1730345
2019-01-26 08:00:00,4.521202,-1.1545435
2019-01-26 08:30:00,2.0136144,-1.7434129
2019-01-26 09:00:00,0.058569547,-1.5615478
2019-01-26 09:30:00,-1.8964797,-2.2119505
2019-01-26 10:00:00,-4.4483724,-2.7456307
2019-01-26 10:30:00,-5.483356,-3.055015
2019-01-26 11:00:00,-6.2214956,-3.0982585
2019-01-26 11:30:00,-6.611206,-3.4634874
2019-01-26 12:00:00,-6.1132627,-3.1026978
2019-01-26 12:30:00,-6.469753,-3.218114
2019-01-26 13:00:00,-5.517909,-3.2778735
2019-01-26 13:30:00,-7.0577397,-3.5622258
2019-01-26 14:00:00,-7.762541,-3.0778232
2019-01-26 14:30:00,-7.8424034,-2.7342792
2019-01-26 15:00:00,-5.7291183,-2.002659
2019-01-26 15:30:00,-4.54604,-1.776148
2019-01-26 16:00:00,-3.5775142,-1.473252
2019-01-26 16:30:00,-3.6512861,-0.9648528
2019-01-26 17:00:00,-2.0721273,-0.75126624
2019-01-26 17:30:00,-0.19506204,-0.5576039
2019-01-26 18:00:00,0.61511016,-0.48310223
2019-01-26 18:30:00,2.0849133,-0.702133
2019-01-26 19:00:00,1.2390654,-1.0777348
2019-01-26 19:30:00,0.073171884,-1.0136977
2019-01-26 20:00:00,0.97039014,-0.9784939
2019-01-26 20:30:00,1.8676084,-0.52690923
2019-01-26 21:00:00,1.7619358,-0.6835458
2019-01-26 21:30:00,3.5382354,-0.7982105
2019-01-26 22:00:00,5.314539,-0.42457053
2019-01-26 22:30:00,7.0908384,-0.49870953
2019-01-26 23:00:00,5.627987,-0.22692329
2019-01-26 23:30:00,2.7230296,-0.36824968
2019-01-27 00:00:00,0.8621703,0.005792259
2019-01-27 00:30:00,1.2359544,0.18514067
2019-01-27 01:00:00,1.4365641,0.023667239
2019-01-27 01:30:00,1.2915281,-0.27730617
2019-01-27 02:00:00,1.2142519,0.092287764
2019-01-27 02:30:00,1.5789566,-0.070666865
2019-01-27 03:00:00,0.81971335,0.043975946
2019-01-27 03:30:00,0.060470212,0.2083681
2019-01-27 04:00:00,-0.69877297,0.16011745
2019-01-27 04:30:00,1.137854,0.4434693
2019-01-27 05:00:00,0.91766965,0.19377013
2019-01-27 05:30:00,0.69748104,0.52147514
2019-01-27 06:00:00,-0.17197444,0.524289
2019-01-27 06:30:00,1.2839823,0.4724118
2019-01-27 07:00:00,1.5954771,0.091986276
2019-01-27 07:30:00,1.9069718,-0.513775
2019-01-27 08:00:00,1.8953581,-0.10839178
2019-01-27 08:30:00,0.9463937,-0.20731369
2019-01-27 09:00:00,0.12458594,-0.7981886
2019-01-27 09:30:00,-1.3215616,-1.2996887
2019-01-27 10:00:00,-2.5468214,-2.1792111
2019-01-27 10:30:00,-4.45781,-2.7974424
2019-01-27 11:00:00,-4.94012,-3.672543
2019-01-27 11:30:00,-5.745058,-3.8972495
2019-01-27 12:00:00,-5.2568583,-3.8161852
2019-01-27 12:30:00,-5.3127117,-3.8449135
2019-01-27 13:00:00,-5.825668,-3.6238947
2019-01-27 13:30:00,-5.3260336,-3.6470523
2019-01-27 14:00:00,-3.2129538,-3.681439
2019-01-27 14:30:00,-4.8140426,-3.4106097
2019-01-27 15:00:00,-1.7407782,-2.9894226
2019-01-27 15:30:00,-1.3667712,-2.456354
2019-01-27 16:00:00,-0.45491123,-1.8432654
2019-01-27 16:30:00,-0.99703306,-1.2664292
2019-01-27 17:00:00,0.43988642,-1.0203173
2019-01-27 17:30:00,0.5793908,-0.07275542
2019-01-27 18:00:00,0.9097393,0.5176083
2019-01-27 18:30:00,0.9977903,0.9637138
2019-01-27 19:00:00,0.33541107,0.86502784
2019-01-27 19:30:00,0.42538896,1.2085018
2019-01-27 20:00:00,0.5153712,1.3644
2019-01-27 20:30:00,0.64640343,1.3313241
2019-01-27 21:00:00,0.68654895,1.2675405
2019-01-27 21:30:00,0.56221056,1.2125741
2019-01-27 22:00:00,0.41523898,1.6596496
2019-01-27 22:30:00,0.45849982,1.7379264
2019-01-27 23:00:00,0.7447879,1.7618529
2019-01-27 23:30:00,0.39041236,1.6113421
2019-01-28 00:00:00,0.8237157,1.8524119
2019-01-28 00:30:00,0.51272774,1.7239532
2019-01-28 01:00:00,0.2017398,1.9991475
2019-01-28 01:30:00,0.949828,1.8515773
2019-01-28 02:00:00,3.8817182,2.126588
2019-01-28 02:30:00,2.375855,1.9787688
2019-01-28 03:00:00,0.8699958,2.0349367
2019-01-28 03:30:00,0.695978,2.1413915
2019-01-28 04:00:00,0.31595004,1.8548368
2019-01-28 04:30:00,0.7194763,1.9925804
2019-01-28 05:00:00,0.5749166,1.5864587
2019-01-28 05:30:00,0.97247434,1.7571864
2019-01-28 06:00:00,3.4546106,1.632599
2019-01-28 06:30:00,0.5049765,1.4460717
2019-01-28 07:00:00,0.6611062,1.2031975
2019-01-28 07:30:00,0.61113846,0.5978556
2019-01-28 08:00:00,0.56117064,-0.34021163
2019-01-28 08:30:00,0.51119846,-0.572499
2019-01-28 09:00:00,1.56958,-0.7082064
2019-01-28 09:30:00,0.46540338,-0.6221391
2019-01-28 10:00:00,0.26958695,-1.4346795
2019-01-28 10:30:00,0.5345963,-1.7566302
2019-01-28 11:00:00,1.1357566,-2.0848813
2019-01-28 11:30:00,-0.46827707,-2.3449488
2019-01-28 12:00:00,-2.2593143,-2.6892705
2019-01-28 12:30:00,-1.2502103,-2.8080904
2019-01-28 13:00:00,-7.662771,-2.9733214
2019-01-28 13:30:00,-14.0753355,-3.2596183
2019-01-28 14:00:00,-5.426948,-2.8719308
2019-01-28 14:30:00,2.0069947,-2.4040966
2019-01-28 15:00:00,9.440942,-1.9935185
2019-01-28 15:30:00,16.874886,-1.6127521
2019-01-28 16:00:00,9.619321,-1.1905075
2019-01-28 16:30:00,6.709181,-0.6284571
2019-01-28 17:00:00,3.7990458,-0.29307953
2019-01-28 17:30:00,0.8889063,0.07357824
2019-01-28 18:00:00,0.99339473,0.42808047
2019-01-28 18:30:00,3.907401,0.51459783
2019-01-28 19:00:00,-5.7330904,0.83969
2019-01-28 19:30:00,-0.24580759,1.3014421
2019-01-28 20:00:00,5.2414746,1.2638832
2019-01-28 20:30:00,1.6692578,1.3617085
2019-01-28 21:00:00,1.2016681,1.428057
2019-01-28 21:30:00,3.1222172,1.1253707
2019-01-28 22:00:00,-3.14304,1.1193498
2019-01-28 22:30:00,0.36182377,0.9936394
2019-01-28 23:00:00,3.8666878,1.0181471
2019-01-28 23:30:00,7.3715467,1.0770414
2019-01-29 00:00:00,1.1859866,2.007139
2019-01-29 00:30:00,0.5712114,1.9652588
2019-01-29 01:00:00,2.4130597,2.3157196
2019-01-29 01:30:00,1.773519,2.387543
2019-01-29 02:00:00,1.8056948,1.4076521
2019-01-29 02:30:00,1.2732292,0.64702386
2019-01-29 03:00:00,1.2420802,-0.015888419
2019-01-29 03:30:00,0.987435,0.038636606
2019-01-29 04:00:00,0.95013386,-0.051332526
2019-01-29 04:30:00,1.5821549,0.44390622
2019-01-29 05:00:00,1.2535192,0.7586824
2019-01-29 05:30:00,1.297584,0.9749474
2019-01-29 06:00:00,1.6312488,0.8644205
2019-01-29 06:30:00,1.6039667,0.8734869
2019-01-29 07:00:00,1.5844926,0.15941834
2019-01-29 07:30:00,1.3755418,-0.38690677
2019-01-29 08:00:00,1.066804,-1.0648321
2019-01-29 08:30:00,0.6919232,-1.4232843
2019-01-29 09:00:00,0.011468035,-1.7330139
2019-01-29 09:30:00,-0.66898715,-1.8299608
2019-01-29 10:00:00,-1.9887078,-1.8579683
2019-01-29 10:30:00,-1.772552,-1.69445
2019-01-29 11:00:00,-1.8164726,-1.5316265
2019-01-29 11:30:00,-2.5901127,-1.2759413
2019-01-29 12:00:00,-4.713692,-1.5011765
2019-01-29 12:30:00,-3.131767,-1.6151683
2019-01-29 13:00:00,-1.9227962,-2.323561
2019-01-29 13:30:00,-2.8311956,-3.0014381
2019-01-29 14:00:00,-2.1373484,-2.2659426
2019-01-29 14:30:00,-1.1552906,-1.1540542
2019-01-29 15:00:00,-0.7083244,-0.9161041
2019-01-29 15:30:00,-2.030824,-2.1031451
2019-01-29 16:00:00,-0.7317834,-1.5267197
2019-01-29 16:30:00,-3.7794871,-1.3711274
2019-01-29 17:00:00,-6.8271956,-0.30583364
2019-01-29 17:30:00,-5.3405924,0.23839858
2019-01-29 18:00:00,-3.8539886,0.9462233
2019-01-29 18:30:00,-2.3673854,0.8962118
2019-01-29 19:00:00,-0.88078666,0.80934054
2019-01-29 19:30:00,0.6058166,0.66106695
2019-01-29 20:00:00,2.0924199,0.9016036
2019-01-29 20:30:00,9.346862,0.65239376
2019-01-29 21:00:00,21.15168,0.6259243
2019-01-29 21:30:00,4.905752,0.3507868
2019-01-29 22:00:00,9.485256,0.3690856
2019-01-29 22:30:00,2.4102373,0.42012826
2019-01-29 23:00:00,-4.6647816,-0.06186264
2019-01-29 23:30:00,-11.7397995,-0.69865936
2019-01-30 00:00:00,1.7643871,0.6079663
2019-01-30 00:30:00,1.0083947,1.1404668
2019-01-30 01:00:00,1.4800216,1.0198206
2019-01-30 01:30:00,1.9516528,0.97053
2019-01-30 02:00:00,1.8587037,0.9165162
2019-01-30 02:30:00,1.7911886,0.33129954
2019-01-30 03:00:00,2.3264508,-0.05834969
2019-01-30 03:30:00,0.7588572,-0.25285533
2019-01-30 04:00:00,0.7891804,-0.20544797
2019-01-30 04:30:00,0.819508,0.26376697
2019-01-30 05:00:00,1.305641,0.17343083
2019-01-30 05:30:00,1.596482,0.07664114
2019-01-30 06:00:00,1.7038586,0.010511149
2019-01-30 06:30:00,2.1142929,0.48748603
2019-01-30 07:00:00,0.79466397,0.44893098
2019-01-30 07:30:00,1.3008305,-0.533105
2019-01-30 08:00:00,1.0303288,-1.0884922
2019-01-30 08:30:00,2.4095337,-1.236958
2019-01-30 09:00:00,-6.74839,-1.0539306
2019-01-30 09:30:00,-15.906318,-1.2685877
2019-01-30 10:00:00,-15.534401,-1.0245774
2019-01-30 10:30:00,-15.162483,-0.75742704
2019-01-30 11:00:00,-14.790566,-0.9553845
2019-01-30 11:30:00,-14.418648,-0.7909443
2019-01-30 12:00:00,-14.046732,-0.69978666
2019-01-30 12:30:00,-13.674815,-0.19105536
2019-01-30 13:00:00,-13.302897,-0.18803178
2019-01-30 13:30:00,-12.930983,-0.4489733
2019-01-30 14:00:00,-12.559065,-0.36614367
2019-01-30 14:30:00,-12.187146,-0.07997357
2019-01-30 15:00:00,-11.8152275,-0.8711217
2019-01-30 15:30:00,-11.443314,-0.49357554
2019-01-30 16:00:00,-11.071395,-0.83410025
2019-01-30 16:30:00,-10.699477,-1.1165651
2019-01-30 17:00:00,-10.327562,-1.588039
2019-01-30 17:30:00,-9.955645,-1.776384
2019-01-30 18:00:00,-9.583726,-1.555518
2019-01-30 18:30:00,-9.211812,-0.97612137
2019-01-30 19:00:00,-8.839894,-0.6019702
2019-01-30 19:30:00,-8.467976,-0.5909551
2019-01-30 20:00:00,-8.096062,-0.4972458
2019-01-30 20:30:00,-7.724143,1.014905
2019-01-30 21:00:00,-7.3522243,1.9064475
2019-01-30 21:30:00,-6.9803104,1.5080072
2019-01-30 22:00:00,-6.608392,1.923169
2019-01-30 22:30:00,-6.2364736,1.816758
2019-01-30 23:00:00,-5.8645597,1.5723064
2019-01-30 23:30:00,-5.492641,0.4692353
2019-01-31 00:00:00,-5.120723,0.42911163
2019-01-31 00:30:00,-4.7488084,0.82103294
2019-01-31 01:00:00,-4.3768897,0.60979706
2019-01-31 01:30:00,-4.0049715,1.1921736
2019-01-31 02:00:00,-3.6330528,1.4709289
2019-01-31 02:30:00,-3.261139,1.6203779
2019-01-31 03:00:00,-2.8892205,1.1091474
2019-01-31 03:30:00,-2.517302,1.1043499
2019-01-31 04:00:00,-2.1453881,1.0992639
2019-01-31 04:30:00,-1.7734696,1.3978648
2019-01-31 05:00:00,-1.4015511,1.2844585
2019-01-31 05:30:00,-1.0296371,1.1924577
2019-01-31 06:00:00,-0.65771866,1.3643869
2019-01-31 06:30:00,-0.2858002,1.3603408
2019-01-31 07:00:00,0.08611388,0.5394681
2019-01-31 07:30:00,0.4580323,1.3599389
2019-01-31 08:00:00,0.82995075,1.6070209
2019-01-31 08:30:00,1.2018648,1.2160215
2019-01-31 09:00:00,1.5737833,0.5857831
2019-01-31 09:30:00,1.277555,-1.4907557
2019-01-31 10:00:00,0.91448444,-1.4105476
2019-01-31 10:30:00,-0.00017626316,-2.474596
2019-01-31 11:00:00,-0.3266754,-2.7534912
2019-01-31 11:30:00,-0.6531745,-2.7018192
2019-01-31 12:00:00,-0.9796736,-4.315396
2019-01-31 12:30:00,-1.010093,-3.487213
2019-01-31 13:00:00,-1.0405123,-2.2646317
2019-01-31 13:30:00,-0.87675816,-2.7699811
2019-01-31 14:00:00,-1.4260981,-1.8227208
2019-01-31 14:30:00,-1.6758147,-1.7943419
2019-01-31 15:00:00,-1.2108818,-4.126714
2019-01-31 15:30:00,-1.0425922,-6.9779553
2019-01-31 16:00:00,-1.2083869,-6.3231134
2019-01-31 16:30:00,-1.0035958,-7.4515047
2019-01-31 17:00:00,-0.48660645,-7.850937
2019-01-31 17:30:00,-0.21600868,-5.148123
2019-01-31 18:00:00,0.37979922,-2.6599436
2019-01-31 18:30:00,0.75086564,-2.346111
2019-01-31 19:00:00,0.31593254,-2.4616323
2019-01-31 19:30:00,0.39938262,-2.7151065
2019-01-31 20:00:00,0.2250284,-3.6266038
2019-01-31 20:30:00,0.28248525,-4.3544793
2019-01-31 21:00:00,0.65223646,-5.6786485
2019-01-31 21:30:00,0.72321206,-5.648854
2019-01-31 22:00:00,0.3285949,-5.478087
2019-01-31 22:30:00,0.43816492,-4.7490664
2019-01-31 23:00:00,0.22088626,-4.6589966
2019-01-31 23:30:00,0.30981547,-4.2630205
2019-02-01 00:00:00,0.3439619,0.10648812
2019-02-01 00:30:00,0.4642062,1.9201498
2019-02-01 01:00:00,0.24596629,2.6420615
2019-02-01 01:30:00,0.32788706,2.3008552
2019-02-01 02:00:00,0.13059379,1.0462943
2019-02-01 02:30:00,0.29552335,-0.8979407
2019-02-01 03:00:00,0.36247915,-1.6154218
2019-02-01 03:30:00,0.5605677,-1.7353121
2019-02-01 04:00:00,0.37223154,-2.032506
2019-02-01 04:30:00,0.28688517,-2.2403905
2019-02-01 05:00:00,0.39579976,-1.7337348
2019-02-01 05:30:00,0.68125767,-1.747804
2019-02-01 06:00:00,0.32565433,-0.96155834
2019-02-01 06:30:00,0.3374297,-1.5216513
2019-02-01 07:00:00,0.4124426,-1.1687919
2019-02-01 07:30:00,0.2471897,-1.4330236
2019-02-01 08:00:00,-0.036232077,-1.017687
2019-02-01 08:30:00,-0.3196495,-1.861005
2019-02-01 09:00:00,-0.8079585,-2.447541
2019-02-01 09:30:00,-0.9685056,-5.4589186
2019-02-01 10:00:00,-1.3389821,-5.1487126
2019-02-01 10:30:00,-2.2077603,-5.453291
2019-02-01 11:00:00,-2.6222055,-6.751794
2019-02-01 11:30:00,-3.1948733,-8.27856
2019-02-01 12:00:00,-2.7599185,-7.779603
2019-02-01 12:30:00,-3.4229486,-9.218296
2019-02-01 13:00:00,-4.325161,-9.382941
2019-02-01 13:30:00,-4.183494,-9.231985
2019-02-01 14:00:00,-5.875116,-5.8212943
2019-02-01 14:30:00,-3.8262696,-3.9505906
2019-02-01 15:00:00,-3.0692766,-1.8826332
2019-02-01 15:30:00,-4.9243817,-2.5156896
2019-02-01 16:00:00,-2.8225923,-3.3584223
2019-02-01 16:30:00,-2.2549405,-2.6290085
2019-02-01 17:00:00,-1.1306344,-2.8687675
2019-02-01 17:30:00,-0.6634119,-0.35305312
2019-02-01 18:00:00,0.23988853,-0.2709881
2019-02-01 18:30:00,0.43790713,-1.3553978
2019-02-01 19:00:00,0.09408793,0.08840341
2019-02-01 19:30:00,-0.3134188,2.541881
2019-02-01 20:00:00,0.20038967,4.399009
2019-02-01 20:30:00,0.7142025,6.314712
2019-02-01 21:00:00,0.69428706,7.185199
2019-02-01 21:30:00,0.7549291,5.1655617
2019-02-01 22:00:00,1.0951699,3.4845712
2019-02-01 22:30:00,1.0408939,1.7573612
2019-02-01 23:00:00,0.49591452,-0.14113563
2019-02-01 23:30:00,0.5426009,-0.818659
2019-02-02 00:00:00,1.0360177,-0.5232565
2019-02-02 00:30:00,0.5398264,-0.5124161
2019-02-02 01:00:00,0.8384142,-0.45285326
2019-02-02 01:30:00,0.8656308,-0.35543877
2019-02-02 02:00:00,0.68067217,-0.50620294
2019-02-02 02:30:00,0.91365427,-1.0966585
2019-02-02 03:00:00,0.92478734,-1.435383
2019-02-02 03:30:00,1.7022856,-1.410954
2019-02-02 04:00:00,1.2509893,-0.36584654
2019-02-02 04:30:00,0.6837875,0.12514521
2019-02-02 05:00:00,0.98099893,0.6588211
2019-02-02 05:30:00,0.7564366,2.103719
2019-02-02 06:00:00,1.2888322,1.6370558
2019-02-02 06:30:00,0.81381476,-0.025417956
2019-02-02 07:00:00,0.91895425,-0.07187718
2019-02-02 07:30:00,0.9319094,-0.27806208
2019-02-02 08:00:00,0.7546539,-0.59144884
2019-02-02 08:30:00,0.79051304,-2.0250213
2019-02-02 09:00:00,-0.0010195463,-2.9624243
2019-02-02 09:30:00,-0.6296281,-3.0424619
2019-02-02 10:00:00,-0.75621235,-3.606164
2019-02-02 10:30:00,-0.94546604,-3.5454564
2019-02-02 11:00:00,-1.2354244,-3.3903797
2019-02-02 11:30:00,-2.0024538,-4.071464
2019-02-02 12:00:00,-4.206586,-3.6286485
2019-02-02 12:30:00,-5.8615055,-3.1990461
2019-02-02 13:00:00,-7.516424,-3.1721091
2019-02-02 13:30:00,-9.171348,-2.8900068
2019-02-02 14:00:00,-10.826266,-2.9465287
2019-02-02 14:30:00,-5.074355,-2.5990348
2019-02-02 15:00:00,9.088786,-1.9463339
2019-02-02 15:30:00,4.9888525,-2.1226718
2019-02-02 16:00:00,0.88892376,-2.0289626
2019-02-02 16:30:00,1.9744782,-2.121584
2019-02-02 17:00:00,3.0600328,-2.0308895
2019-02-02 17:30:00,6.71497,-2.1073353
2019-02-02 18:00:00,10.369908,-2.1819506
2019-02-02 18:30:00,9.884479,-2.051823
2019-02-02 19:00:00,9.399049,-1.9805677
2019-02-02 19:30:00,8.913619,-1.9641739
2019-02-02 20:00:00,8.428189,-1.991277
2019-02-02 20:30:00,7.9427595,-2.048629
2019-02-02 21:00:00,7.45733,-2.0480566
2019-02-02 21:30:00,6.9719005,-2.2793214
2019-02-02 22:00:00,6.4864707,-1.9636496
2019-02-02 22:30:00,6.0010414,-1.840386
2019-02-02 23:00:00,5.5156116,-1.6732675
2019-02-02 23:30:00,5.0301824,-1.4940807
2019-02-03 00:00:00,4.5447526,-1.0470794
2019-02-03 00:30:00,4.0593233,-0.8169025
2019-02-03 01:00:00,1.5559301,-0.4926012
2019-02-03 01:30:00,1.298921,-0.30189687
2019-02-03 02:00:00,1.5436566,-0.27215037
2019-02-03 02:30:00,1.5107031,0.09881556
2019-02-03 03:00:00,1.6028088,0.32008344
2019-02-03 03:30:00,2.1771195,0.5425616
2019-02-03 04:00:00,2.412719,0.71537787
2019-02-03 04:30:00,1.6815007,0.6372846
2019-02-03 05:00:00,0.9502868,0.71716493
2019-02-03 05:30:00,7.2566943,0.553048
2019-02-03 06:00:00,-16.152262,0.4830905
2019-02-03 06:30:00,7.2706413,0.5342773
2019-02-03 07:00:00,-12.073351,0.35948178
2019-02-03 07:30:00,13.642515,-0.08908802
2019-02-03 08:00:00,1.5852528,-0.21442696
2019-02-03 08:30:00,0.018502677,-0.04752683
2019-02-03 09:00:00,-1.5482475,-0.29175124
2019-02-03 09:30:00,-3.0641644,-0.61550206
2019-02-03 10:00:00,-2.5413072,-0.58411705
2019-02-03 10:30:00,-2.0184455,-0.6549878
2019-02-03 11:00:00,-1.9885199,-0.62338
2019-02-03 11:30:00,-1.9585943,-0.8554882
2019-02-03 12:00:00,-1.9286686,-1.5173562
2019-02-03 12:30:00,-1.898743,-2.0459461
2019-02-03 13:00:00,-1.1571739,-2.4857945
2019-02-03 13:30:00,-0.5935898,-2.928055
2019-02-03 14:00:00,-0.57911855,-3.2040052
2019-02-03 14:30:00,-1.4638361,-2.619208
2019-02-03 15:00:00,-2.679575,-0.5219632
2019-02-03 15:30:00,-1.5711166,-1.1581657
2019-02-03 16:00:00,-1.7438061,-1.6293643
2019-02-03 16:30:00,-1.4882694,-1.6157057
2019-02-03 17:00:00,-1.0076593,-1.0305022
2019-02-03 17:30:00,-0.17665838,-0.4660618
2019-02-03 18:00:00,0.44657588,-0.63712156
2019-02-03 18:30:00,1.1603605,-0.9284912
2019-02-03 19:00:00,0.65333754,-0.75018704
2019-02-03 19:30:00,3.4711006,-1.0613235
2019-02-03 20:00:00,3.1376455,-0.9200671
2019-02-03 20:30:00,2.8041902,-2.1377025
2019-02-03 21:00:00,2.470735,-2.9939492
2019-02-03 21:30:00,2.13728,-3.118541
2019-02-03 22:00:00,1.8038248,-2.5564208
2019-02-03 22:30:00,1.4703697,-1.9287429
2019-02-03 23:00:00,1.1369145,-0.62579185
2019-02-03 23:30:00,0.8034594,-0.87767136
2019-02-04 00:00:00,0.47000432,0.79691416
2019-02-04 00:30:00,0.1365492,1.7513403
2019-02-04 01:00:00,-0.19690591,2.2571921
2019-02-04 01:30:00,-0.53035665,1.7786835
2019-02-04 02:00:00,-0.8638118,1.192746
2019-02-04 02:30:00,-1.1972669,1.4807862
2019-02-04 03:00:00,-1.530722,1.3691539
2019-02-04 03:30:00,-1.8641771,1.455492
2019-02-04 04:00:00,-2.1976323,1.7706702
2019-02-04 04:30:00,-2.5310872,0.9658242
2019-02-04 05:00:00,-2.8645422,0.16160302
2019-02-04 05:30:00,-3.1979976,1.8370492
2019-02-04 06:00:00,-3.5314527,-2.4229896
2019-02-04 06:30:00,-3.8649077,0.42591766
2019-02-04 07:00:00,-4.1983585,-1.7903003
2019-02-04 07:30:00,-4.5318136,0.9386731
2019-02-04 08:00:00,-4.865269,0.20978813
2019-02-04 08:30:00,-5.1987243,-0.4825517
2019-02-04 09:00:00,-5.5321794,-0.3129644
2019-02-04 09:30:00,-5.8656344,-0.97191805
2019-02-04 10:00:00,-6.1990895,-1.2240903
2019-02-04 10:30:00,-6.5325446,-1.6408163
2019-02-04 11:00:00,-6.4653745,-1.6706153
2019-02-04 11:30:00,-4.833574,-1.5587645
2019-02-04 12:00:00,-6.3007336,-2.1965704
2019-02-04 12:30:00,-8.857808,-2.1317294
2019-02-04 13:00:00,-5.9827065,-1.8382757
2019-02-04 13:30:00,-6.292266,-1.8294628
2019-02-04 14:00:00,-7.3361936,-1.6294736
2019-02-04 14:30:00,-7.135496,-1.819588
2019-02-04 15:00:00,-6.014996,-0.98745984
2019-02-04 15:30:00,-2.8164928,-0.19322692
2019-02-04 16:00:00,-3.708271,-1.2999333
2019-02-04 16:30:00,-1.2548898,-0.040422276
2019-02-04 17:00:00,-0.4961884,-0.6397082
2019-02-04 17:30:00,0.6346892,-0.15694827
2019-02-04 18:00:00,0.9930758,0.713984
2019-02-04 18:30:00,1.1724198,0.41796544
2019-02-04 19:00:00,1.0744067,0.36240488
2019-02-04 19:30:00,1.7325476,1.4643924
2019-02-04 20:00:00,1.1965123,1.2166157
2019-02-04 20:30:00,1.3805491,-0.045883957
2019-02-04 21:00:00,1.158735,1.1134119
2019-02-04 21:30:00,1.4564053,-0.50958484
2019-02-04 22:00:00,0.9799765,-0.7390583
2019-02-04 22:30:00,0.11891016,0.23666395
2019-02-04 23:00:00,-0.7421562,0.85865295
2019-02-04 23:30:00,-0.5445745,2.2026627
2019-02-05 00:00:00,-0.08229806,1.5151292
2019-02-05 00:30:00,0.379974,-0.050816942
2019-02-05 01:00:00,0.84225047,0.88836884
2019-02-05 01:30:00,1.748037,-0.38789862
2019-02-05 02:00:00,10.779338,-0.34431008
2019-02-05 02:30:00,1.6367323,-2.0267386
2019-02-05 03:00:00,-7.5058722,-1.9982635
2019-02-05 03:30:00,-3.751213,-1.5503885
2019-02-05 04:00:00,0.0034502912,-2.0700693
2019-02-05 04:30:00,3.7581096,-2.3663063
2019-02-05 05:00:00,4.7024508,-2.2096043
2019-02-05 05:30:00,5.6467924,-2.6095476
2019-02-05 06:00:00,6.591134,-2.195714
2019-02-05 06:30:00,7.5354757,-1.8590344
2019-02-05 07:00:00,5.7070937,-2.2137551
2019-02-05 07:30:00,3.8787165,-2.0003564
2019-02-05 08:00:00,2.0503387,-1.9666951
2019-02-05 08:30:00,0.97442305,-2.4173925
2019-02-05 09:00:00,-0.101492584,-2.7729216
2019-02-05 09:30:00,-1.1774082,-3.373265
2019-02-05 10:00:00,-2.4839027,-4.0714555
2019-02-05 10:30:00,-3.586113,-3.734059
2019-02-05 11:00:00,-3.6691873,-4.4319086
2019-02-05 11:30:00,-5.642942,-3.1731534
2019-02-05 12:00:00,-1.4036266,-4.106375
2019-02-05 12:30:00,-5.558976,-4.233737
2019-02-05 13:00:00,-5.3472204,-3.3410978
2019-02-05 13:30:00,-6.064461,-3.5209749
2019-02-05 14:00:00,-4.4459953,-2.9038184
2019-02-05 14:30:00,-5.5775156,-2.690057
2019-02-05 15:00:00,-4.6023655,-2.2730033
2019-02-05 15:30:00,-3.7235115,-2.3030162
2019-02-05 16:00:00,-4.3523865,-3.0319407
2019-02-05 16:30:00,-2.4670458,-3.1142895
2019-02-05 17:00:00,-1.5109726,-1.660356
2019-02-05 17:30:00,-0.58419573,-0.11537835
2019-02-05 18:00:00,1.9462173,0.1934599
2019-02-05 18:30:00,4.47663,0.23030657
2019-02-05 19:00:00,2.6149104,0.3441017
2019-02-05 19:30:00,1.1631306,0.8330617
2019-02-05 20:00:00,1.5398772,0.11205467
2019-02-05 20:30:00,1.9166193,0.15587482
2019-02-05 21:00:00,1.5992041,0.6523326
2019-02-05 21:30:00,1.7327574,0.233151
2019-02-05 22:00:00,1.8663064,0.23888358
2019-02-05 22:30:00,1.9998597,-0.07745246
2019-02-05 23:00:00,2.1334085,-0.015464593
2019-02-05 23:30:00,2.266962,0.083300024
2019-02-06 00:00:00,2.400511,1.1841253
2019-02-06 00:30:00,2.53406,0.9732652
2019-02-06 01:00:00,2.6676133,1.3462323
2019-02-06 01:30:00,2.8011622,1.1910506
2019-02-06 02:00:00,2.9347157,2.379595
2019-02-06 02:30:00,3.0682645,1.6057056
2019-02-06 03:00:00,3.201818,1.347294
2019-02-06 03:30:00,3.335367,2.3297453
2019-02-06 04:00:00,3.468916,1.1430665
2019-02-06 04:30:00,3.6024692,1.7308961
2019-02-06 05:00:00,3.7360182,1.4547099
2019-02-06 05:30:00,3.8695714,0.47720498
2019-02-06 06:00:00,4.0031204,0.45651615
2019-02-06 06:30:00,4.136674,-0.33752447
2019-02-06 07:00:00,0.77645254,-0.57567114
2019-02-06 07:30:00,-2.5837684,-1.1773908
2019-02-06 08:00:00,-4.314697,-1.2783924
2019-02-06 08:30:00,-3.8674638,-2.2105525
2019-02-06 09:00:00,-3.4202309,-2.7095356
2019-02-06 09:30:00,-3.9312475,-3.186222
2019-02-06 10:00:00,-5.8443074,-4.07014
2019-02-06 10:30:00,-6.1996183,-4.527811
2019-02-06 11:00:00,-5.6790285,-4.6252303
2019-02-06 11:30:00,-7.289446,-4.886954
2019-02-06 12:00:00,-6.0878854,-4.300387
2019-02-06 12:30:00,-6.2812943,-3.9404666
2019-02-06 13:00:00,-6.925344,-3.4181118
2019-02-06 13:30:00,-4.1965365,-3.1345196
2019-02-06 14:00:00,-7.382469,-2.2581084
2019-02-06 14:30:00,-4.4224534,-1.9464737
2019-02-06 15:00:00,-5.130689,-1.4703202
2019-02-06 15:30:00,-3.7785783,-1.0166689
2019-02-06 16:00:00,-2.2567277,-1.5427246
2019-02-06 16:30:00,-1.2239374,-0.71013325
2019-02-06 17:00:00,-1.2981507,-0.58801454
2019-02-06 17:30:00,0.7827138,-0.166906
2019-02-06 18:00:00,1.7532802,0.2551113
2019-02-06 18:30:00,1.9033234,0.1811034
2019-02-06 19:00:00,1.6658016,0.45225605
2019-02-06 19:30:00,1.469024,0.41075164
2019-02-06 20:00:00,3.1173105,0.7066479
2019-02-06 20:30:00,4.765601,0.76756966
2019-02-06 21:00:00,6.4138875,1.1471869
2019-02-06 21:30:00,8.062179,1.6024985
2019-02-06 22:00:00,9.710465,1.9837761
2019-02-06 22:30:00,-2.1023674,1.9803462
2019-02-06 23:00:00,-10.157792,2.4773722
2019-02-06 23:30:00,-18.213217,2.239824
2019-02-07 00:00:00,-12.478835,2.3564813
2019-02-07 00:30:00,-6.7444534,2.1751971
2019-02-07 01:00:00,-1.0100712,2.3184767
2019-02-07 01:30:00,4.724315,2.444445
2019-02-07 02:00:00,10.458697,2.4946136
2019-02-07 02:30:00,16.193079,2.5933695
2019-02-07 03:00:00,21.92746,2.7542443
2019-02-07 03:30:00,30.69473,3.558509
2019-02-07 04:00:00,-14.099039,3.9123647
2019-02-07 04:30:00,2.3867695,4.221697
2019-02-07 05:00:00,3.0430665,4.2155623
2019-02-07 05:30:00,3.6993637,4.005187
2019-02-07 06:00:00,4.3556566,3.235143
2019-02-07 06:30:00,5.0119534,2.6847367
2019-02-07 07:00:00,5.6682506,1.8196943
2019-02-07 07:30:00,6.3245473,0.55459476
2019-02-07 08:00:00,4.1650352,-0.124737486
2019-02-07 08:30:00,2.0055268,-0.59344995
2019-02-07 09:00:00,-0.15398586,-1.0799282
2019-02-07 09:30:00,-2.3134983,-1.0236511
2019-02-07 10:00:00,-4.087329,-0.977253
2019-02-07 10:30:00,-2.4589844,-1.084669
2019-02-07 11:00:00,-5.0552044,-1.0309566
2019-02-07 11:30:00,-6.605386,-1.7180052
2019-02-07 12:00:00,-4.1537957,-2.0941706
2019-02-07 12:30:00,-3.5827136,-2.2947276
2019-02-07 13:00:00,-4.847621,-2.8692176
2019-02-07 13:30:00,-6.5955634,-3.1325927
2019-02-07 14:00:00,-4.6835,-2.4654903
2019-02-07 14:30:00,-4.4932194,-2.462375
2019-02-07 15:00:00,-2.5830257,-1.8742397
2019-02-07 15:30:00,-1.1067604,-1.1617966
2019-02-07 16:00:00,-1.150812,-0.5366966
2019-02-07 16:30:00,-0.49254438,0.0630088
2019-02-07 17:00:00,-0.14954661,0.3715106
2019-02-07 17:30:00,0.70940495,0.55032593
2019-02-07 18:00:00,1.0948029,0.80579704
2019-02-07 18:30:00,1.3442093,0.8241352
2019-02-07 19:00:00,1.4553522,0.59245515
2019-02-07 19:30:00,1.4658998,0.8843665
2019-02-07 20:00:00,1.3539267,0.9815145
2019-02-07 20:30:00,1.2971427,1.309805
2019-02-07 21:00:00,1.5338038,1.856886
2019-02-07 21:30:00,1.0392116,2.135043
2019-02-07 22:00:00,1.1500531,1.68289
2019-02-07 22:30:00,0.8696768,1.1519845
2019-02-07 23:00:00,2.1150181,-0.05593781
2019-02-07 23:30:00,0.23098817,-1.3049319
2019-02-08 00:00:00,0.5645088,-0.5834922
2019-02-08 00:30:00,0.5292919,1.3810865
2019-02-08 01:00:00,0.49407503,1.1149718
2019-02-08 01:30:00,0.4588581,1.8345456
2019-02-08 02:00:00,0.4236412,-0.54817486
2019-02-08 02:30:00,0.7283941,-0.97631365
2019-02-08 03:00:00,0.90301925,-0.24832433
2019-02-08 03:30:00,0.677535,0.6788283
2019-02-08 04:00:00,0.790867,1.5469948
2019-02-08 04:30:00,0.7417381,3.7193577
2019-02-08 05:00:00,0.6691415,3.353242
2019-02-08 05:30:00,0.70764846,3.2535553
2019-02-08 06:00:00,0.68023086,1.0896164
2019-02-08 06:30:00,0.7543349,-0.42491132
2019-02-08 07:00:00,0.72047687,-1.8382626
2019-02-08 07:30:00,0.59686816,-3.480659
2019-02-08 08:00:00,0.009479985,-3.366121
2019-02-08 08:30:00,-0.56150573,-2.7919414
2019-02-08 09:00:00,-0.9732638,-2.4217007
2019-02-08 09:30:00,-1.852026,-2.4121187
2019-02-08 10:00:00,-2.554485,-3.1081333
2019-02-08 10:30:00,-2.294601,-3.0348506
2019-02-08 11:00:00,-1.7622185,-3.4226909
2019-02-08 11:30:00,-1.4921145,-4.8804436
2019-02-08 12:00:00,-2.6278987,-6.3492637
2019-02-08 12:30:00,-2.9239697,-6.87632
2019-02-08 13:00:00,-3.6759162,-7.170997
2019-02-08 13:30:00,-3.9002383,-6.0954266
2019-02-08 14:00:00,-5.023867,-6.5807776
2019-02-08 14:30:00,-2.842486,-5.1944466
2019-02-08 15:00:00,-2.7909234,-4.7618423
2019-02-08 15:30:00,-1.3597715,-3.5114453
2019-02-08 16:00:00,-1.275618,-2.7761724
2019-02-08 16:30:00,-0.5892598,-0.89950496
2019-02-08 17:00:00,-0.2804084,-1.0823226
2019-02-08 17:30:00,-0.057349112,0.36065277
2019-02-08 18:00:00,-1.3207576,0.8258348
2019-02-08 18:30:00,-0.15924217,0.9965538
2019-02-08 19:00:00,0.22696838,1.7112122
2019-02-08 19:30:00,0.252848,2.7329087
2019-02-08 20:00:00,0.20422159,2.2132933
2019-02-08 20:30:00,1.4453465,2.8036091
2019-02-08 21:00:00,-0.7597777,2.317013
2019-02-08 21:30:00,-1.0004673,1.8691027
2019-02-08 22:00:00,0.36971915,1.4486016
2019-02-08 22:30:00,0.5425747,0.762925
2019-02-08 23:00:00,0.48359734,0.84286654
2019-02-08 23:30:00,0.36890647,-0.041357316
2019-02-09 00:00:00,0.40518948,0.086681895
2019-02-09 00:30:00,0.18438914,0.5194478
2019-02-09 01:00:00,0.7098506,1.2506704
2019-02-09 01:30:00,0.28973398,1.8086398
2019-02-09 02:00:00,0.67836076,0.605218
2019-02-09 02:30:00,0.41400683,0.14231673
2019-02-09 03:00:00,0.307089,0.2496846
2019-02-09 03:30:00,0.5665144,0.7755349
2019-02-09 04:00:00,0.5062786,0.88843006
2019-02-09 04:30:00,0.50403273,0.5868755
2019-02-09 05:00:00,0.37583187,0.41824508
2019-02-09 05:30:00,0.65772873,0.82857877
2019-02-09 06:00:00,0.93962127,1.6452701
2019-02-09 06:30:00,0.55650854,1.6556517
2019-02-09 07:00:00,0.6582574,1.2289853
2019-02-09 07:30:00,0.5533845,-0.76882225
2019-02-09 08:00:00,0.33398232,-0.9378852
2019-02-09 08:30:00,0.3959527,-0.7810215
2019-02-09 09:00:00,0.20069553,-2.8151076
2019-02-09 09:30:00,0.0054383418,-2.3859465
2019-02-09 10:00:00,-0.8618456,-2.8468552
2019-02-09 10:30:00,-1.1178585,-2.9578147
2019-02-09 11:00:00,-0.85222864,-1.3140464
2019-02-09 11:30:00,-1.3357052,-0.12914616
2019-02-09 12:00:00,-1.7370162,-0.1235097
2019-02-09 12:30:00,-1.0394244,-0.9714637
2019-02-09 13:00:00,-1.2826875,-1.1432269
2019-02-09 13:30:00,-1.2876861,-0.9639309
2019-02-09 14:00:00,-1.6217355,-0.8928417
2019-02-09 14:30:00,-0.92687887,-1.1871781
2019-02-09 15:00:00,-0.9762262,-1.4802474
2019-02-09 15:30:00,-0.65663505,-0.82416874
2019-02-09 16:00:00,-1.1331336,-1.7138455
2019-02-09 16:30:00,0.022714723,0.14666423
2019-02-09 17:00:00,0.05770442,-0.31519276
2019-02-09 17:30:00,0.47058105,-0.1843353
2019-02-09 18:00:00,0.7203239,-0.18187974
2019-02-09 18:30:00,0.74853677,0.30394307
2019-02-09 19:00:00,0.5768522,0.58779305
2019-02-09 19:30:00,1.0434238,0.2539316
2019-02-09 20:00:00,0.74390966,-0.36713552
2019-02-09 20:30:00,0.7212939,-0.5947302
2019-02-09 21:00:00,0.76985043,1.0912724
2019-02-09 21:30:00,0.8113286,0.46198657
2019-02-09 22:00:00,0.7027417,0.5655487
2019-02-09 22:30:00,0.53320247,-0.69442546
2019-02-09 23:00:00,0.9235421,-0.9139544
2019-02-09 23:30:00,0.737845,0.09780624
2019-02-10 00:00:00,0.72324264,-0.45105746
2019-02-10 00:30:00,0.52170235,-0.07056637
2019-02-10 01:00:00,0.4299986,-0.055793624
2019-02-10 01:30:00,0.60768664,0.59314984
2019-02-10 02:00:00,1.2392358,-0.05848077
2019-02-10 02:30:00,0.73440194,-0.052866165
2019-02-10 03:00:00,1.1386535,0.4996066
2019-02-10 03:30:00,0.8848078,-1.04233
2019-02-10 04:00:00,0.82019836,-0.2990961
2019-02-10 04:30:00,0.7854796,-0.6956707
2019-02-10 05:00:00,0.71537346,-0.6566962
2019-02-10 05:30:00,0.5758516,-0.84074605
2019-02-10 06:00:00,0.5870459,-0.5212466
2019-02-10 06:30:00,0.2916128,-0.111594506
2019-02-10 07:00:00,0.7591587,-0.22878464
2019-02-10 07:30:00,0.91637635,-0.16580492
2019-02-10 08:00:00,0.4925108,-0.43153524
2019-02-10 08:30:00,0.16863766,-0.83403033
2019-02-10 09:00:00,0.13999224,-1.0205314
2019-02-10 09:30:00,-0.15873533,-1.6009374
2019-02-10 10:00:00,-0.45746294,-1.768589
2019-02-10 10:30:00,-0.7561949,-1.0616076
2019-02-10 11:00:00,-0.97857696,-0.53802925
2019-02-10 11:30:00,-1.1514456,-0.85223305
2019-02-10 12:00:00,-1.5401292,-0.79285806
2019-02-10 12:30:00,-1.3700395,-0.8203936
2019-02-10 13:00:00,-0.4622954,-1.0330801
2019-02-10 13:30:00,-1.051379,-1.2518662
2019-02-10 14:00:00,-1.6404624,-1.1736113
2019-02-10 14:30:00,-1.1747998,-1.1139523
2019-02-10 15:00:00,-1.0254207,-1.2415371
2019-02-10 15:30:00,-1.214434,-1.1570252
2019-02-10 16:00:00,-1.229753,-1.3149726
2019-02-10 16:30:00,-0.85363996,-0.88993174
2019-02-10 17:00:00,-0.6700751,-0.74490887
2019-02-10 17:30:00,-0.18871775,-0.34957948
2019-02-10 18:00:00,0.29264396,-0.108584024
2019-02-10 18:30:00,0.21746069,0.061776645
2019-02-10 19:00:00,0.8168253,0.057577707
2019-02-10 19:30:00,0.3246057,0.23845975
2019-02-10 20:00:00,0.62739676,0.21684898
2019-02-10 20:30:00,0.37921375,0.36247042
2019-02-10 21:00:00,0.32597768,0.32332548
2019-02-10 21:30:00,0.27274162,0.12415774
2019-02-10 22:00:00,0.21950991,0.14875278
2019-02-10 22:30:00,0.50937647,0.25870728
2019-02-10 23:00:00,1.0899746,0.310366
2019-02-10 23:30:00,3.1323104,0.21622416
2019-02-11 00:00:00,5.174646,0.65261227
2019-02-11 00:30:00,4.0993247,0.7672245
2019-02-11 01:00:00,3.0240076,0.7548024
2019-02-11 01:30:00,1.948686,0.79444546
2019-02-11 02:00:00,1.6673046,0.6121128
2019-02-11 02:30:00,1.3859278,0.64310455
2019-02-11 03:00:00,1.1045464,0.6807377
2019-02-11 03:30:00,0.8231695,0.82309526
2019-02-11 04:00:00,0.5417882,0.8719358
2019-02-11 04:30:00,0.26041132,1.1726732
2019-02-11 05:00:00,33.863804,1.5251175
2019-02-11 05:30:00,11.754194,1.3744189
2019-02-11 06:00:00,10.135275,1.2598722
2019-02-11 06:30:00,8.51635,0.97707963
2019-02-11 07:00:00,6.8974295,0.5292308
2019-02-11 07:30:00,5.278509,-0.31838238
2019-02-11 08:00:00,3.6595895,-0.7700588
2019-02-11 08:30:00,2.0406694,-0.8364379
2019-02-11 09:00:00,0.4217493,-0.97827107
2019-02-11 09:30:00,-1.1971751,-1.1247795
2019-02-11 10:00:00,-1.4746284,-1.252443
2019-02-11 10:30:00,-2.9753838,-1.0793514
2019-02-11 11:00:00,-3.4462416,-1.258879
2019-02-11 11:30:00,-5.5430193,-1.3694758
2019-02-11 12:00:00,-4.932238,-1.4472982
2019-02-11 12:30:00,-5.5911655,-1.4440911
2019-02-11 13:00:00,-7.276128,-1.4535856
2019-02-11 13:30:00,-5.431562,-1.0378995
2019-02-11 14:00:00,-5.8442855,-1.0863031
2019-02-11 14:30:00,-5.865005,-0.9346432
2019-02-11 15:00:00,-4.996065,-0.7068825
2019-02-11 15:30:00,-3.712776,-0.5793064
2019-02-11 16:00:00,-2.863734,-0.42244264
2019-02-11 16:30:00,-3.887152,-0.33232933
2019-02-11 17:00:00,-1.0488884,-0.3528565
2019-02-11 17:30:00,-0.40429676,-0.017609939
2019-02-11 18:00:00,0.2690233,0.18984646
2019-02-11 18:30:00,0.6480638,0.3945545
2019-02-11 19:00:00,0.81355697,0.5863774
2019-02-11 19:30:00,0.878918,0.4953159
2019-02-11 20:00:00,0.7889008,0.58529377
2019-02-11 20:30:00,0.7860301,0.5278588
2019-02-11 21:00:00,0.80027854,0.5019267
2019-02-11 21:30:00,2.3143563,0.543986
2019-02-11 22:00:00,1.2916461,0.5684456
2019-02-11 22:30:00,0.26893592,0.5709667
2019-02-11 23:00:00,0.39366317,0.6452499
2019-02-11 23:30:00,0.5999966,0.726926
2019-02-12 00:00:00,0.5914589,1.0603243
2019-02-12 00:30:00,0.7552743,1.4116063
2019-02-12 01:00:00,1.0629547,1.569261
2019-02-12 01:30:00,1.3255434,1.5240908
2019-02-12 02:00:00,1.2637085,1.4171467
2019-02-12 02:30:00,1.0515944,1.5275644
2019-02-12 03:00:00,0.90232015,1.5544664
2019-02-12 03:30:00,0.8642807,1.7610576
2019-02-12 04:00:00,1.2114381,1.7119156
2019-02-12 04:30:00,1.1353241,1.5864193
2019-02-12 05:00:00,1.1958395,2.5140004
2019-02-12 05:30:00,1.1140105,2.7175462
2019-02-12 06:00:00,1.0321771,2.1330242
2019-02-12 06:30:00,1.6226063,2.1888163
2019-02-12 07:00:00,0.87897915,2.587117
2019-02-12 07:30:00,0.56852424,1.6108834
2019-02-12 08:00:00,0.06358555,0.71869415
2019-02-12 08:30:00,-1.09741,-0.8287478
2019-02-12 09:00:00,-1.8757122,-1.7545897
2019-02-12 09:30:00,-0.946104,-1.3631053
2019-02-12 10:00:00,36.76638,-2.2475827
2019-02-12 10:30:00,15.085272,-2.2630763
2019-02-12 11:00:00,13.274459,-1.3271675
2019-02-12 11:30:00,11.463651,-1.730685
2019-02-12 12:00:00,9.652838,-0.83749086
2019-02-12 12:30:00,7.8420243,0.12080209
2019-02-12 13:00:00,-44.944344,-0.7936183
2019-02-12 13:30:00,-4.0930047,-0.31649482
2019-02-12 14:00:00,36.75833,0.114514604
2019-02-12 14:30:00,39.638557,-0.0479157
2019-02-12 15:00:00,-7.564212,-0.02100055
2019-02-12 15:30:00,-5.435595,-0.25537646
2019-02-12 16:00:00,-3.3069732,-0.28482145
2019-02-12 16:30:00,-1.1783564,-0.4984255
2019-02-12 17:00:00,0.9502606,-0.1689159
2019-02-12 17:30:00,3.078882,-0.17406298
2019-02-12 18:00:00,5.207499,-0.411729
2019-02-12 18:30:00,2.4301353,-0.22343218
2019-02-12 19:00:00,3.1004536,-0.42673334
2019-02-12 19:30:00,2.0022016,-0.6851625
2019-02-12 20:00:00,0.9039499,-1.1004772
2019-02-12 20:30:00,1.3066024,-1.164676
2019-02-12 21:00:00,2.7793941,-0.96557814
2019-02-12 21:30:00,7.6820455,-0.5905531
2019-02-12 22:00:00,3.2589996,-0.79723173
2019-02-12 22:30:00,2.0679777,-0.15715364
2019-02-12 23:00:00,9.052979,0.16675885
2019-02-12 23:30:00,-0.7551069,1.326828
2019-02-13 00:00:00,1.116903,1.1776062
2019-02-13 00:30:00,5.494617,1.2187304
2019-02-13 01:00:00,9.872328,1.6477956
2019-02-13 01:30:00,10.080413,2.2921076
2019-02-13 02:00:00,10.288499,1.960907
2019-02-13 02:30:00,9.080593,2.0164545
2019-02-13 03:00:00,3.688436,2.2211232
2019-02-13 03:30:00,-1.7037174,2.3992832
2019-02-13 04:00:00,-5.0244,2.3676493
2019-02-13 04:30:00,-8.345083,2.48092
2019-02-13 05:00:00,18.043129,2.3908024
2019-02-13 05:30:00,-4.4510508,2.5594459
2019-02-13 06:00:00,-0.25964528,1.4342395
2019-02-13 06:30:00,3.931756,1.6833051
2019-02-13 07:00:00,1.8680673,0.5388171
2019-02-13 07:30:00,1.9888664,0.08851265
2019-02-13 08:00:00,2.1096656,-0.1763569
2019-02-13 08:30:00,-0.27073905,-0.25683144
2019-02-13 09:00:00,-2.6511436,-1.1354145
2019-02-13 09:30:00,-5.031544,-1.2114542
2019-02-13 10:00:00,2.957056,1.1385443
2019-02-13 10:30:00,0.47819683,2.0565739
2019-02-13 11:00:00,-2.0006623,1.5695887
2019-02-13 11:30:00,-2.5419233,3.3367126
2019-02-13 12:00:00,-2.8280234,3.650178
2019-02-13 12:30:00,-2.799614,4.034628
2019-02-13 13:00:00,-3.4636536,-5.1418176
2019-02-13 13:30:00,-2.711078,-4.1361523
2019-02-13 14:00:00,-1.6763828,1.9408954
2019-02-13 14:30:00,-4.14299,2.5227652
2019-02-13 15:00:00,-6.6095934,-1.8453671
2019-02-13 15:30:00,-9.076197,-1.7069288
2019-02-13 16:00:00,-11.542804,0.18288171
2019-02-13 16:30:00,-14.009409,1.1070807
2019-02-13 17:00:00,-16.476015,2.065391
2019-02-13 17:30:00,-18.94262,2.5583842
2019-02-13 18:00:00,-21.409224,3.9118447
2019-02-13 18:30:00,-23.87583,5.185897
2019-02-13 19:00:00,-26.342434,3.6594715
2019-02-13 19:30:00,-28.80904,2.539749
2019-02-13 20:00:00,-31.275644,3.8100216
2019-02-13 20:30:00,-33.74225,3.2572517
2019-02-13 21:00:00,-36.208855,2.812444
2019-02-13 21:30:00,-38.675457,2.596546
2019-02-13 22:00:00,-41.142063,2.22506
2019-02-13 22:30:00,-38.95355,1.9100697
2019-02-13 23:00:00,-36.765038,2.3454967
2019-02-13 23:30:00,-34.576527,2.3085146
2019-02-14 00:00:00,-32.388016,2.2862659
2019-02-14 00:30:00,-30.199503,4.2183805
2019-02-14 01:00:00,-28.01099,2.2392035
2019-02-14 01:30:00,-25.822477,4.473834
2019-02-14 02:00:00,-23.633966,6.4765086
2019-02-14 02:30:00,-21.445454,8.27268
2019-02-14 03:00:00,-19.25694,6.3709106
2019-02-14 03:30:00,-17.068428,6.3815455
2019-02-14 04:00:00,-14.879915,4.99694
2019-02-14 04:30:00,-12.691403,6.414888
2019-02-14 05:00:00,-10.502892,5.320372
2019-02-14 05:30:00,-8.31438,3.8471873
2019-02-14 06:00:00,-6.125868,4.7235546
2019-02-14 06:30:00,-3.9373558,4.775091
2019-02-14 07:00:00,-1.7488396,3.8441157
2019-02-14 07:30:00,0.43967232,3.5080476
2019-02-14 08:00:00,2.6281843,4.2931705
2019-02-14 08:30:00,4.816696,3.1127577
2019-02-14 09:00:00,7.005208,1.3563429
2019-02-14 09:30:00,8.252188,0.15836097
2019-02-14 10:00:00,5.389775,0.5522572
2019-02-14 10:30:00,2.5273619,0.20503429
2019-02-14 11:00:00,-0.33505142,-0.016701117
2019-02-14 11:30:00,-3.19746,-0.37609702
2019-02-14 12:00:00,-1.4822879,-1.2662544
2019-02-14 12:30:00,-1.6480695,-0.20796034
2019-02-14 13:00:00,-1.6885777,-0.49793616
2019-02-14 13:30:00,-2.2473161,2.111977
2019-02-14 14:00:00,-1.9209785,1.817859
2019-02-14 14:30:00,-2.2602494,1.0472775
2019-02-14 15:00:00,-1.788605,3.2136195
2019-02-14 15:30:00,-1.7440027,2.2665732
2019-02-14 16:00:00,-0.6642945,1.0394257
2019-02-14 16:30:00,-2.5243146,1.6977284
2019-02-14 17:00:00,-4.384335,-1.4554251
2019-02-14 17:30:00,15.100184,-0.05635727
2019-02-14 18:00:00,34.5847,-2.9605937
2019-02-14 18:30:00,34.200138,-2.8869221
2019-02-14 19:00:00,33.815586,-10.434039
2019-02-14 19:30:00,4.5428915,-16.761412
2019-02-14 20:00:00,4.2602825,-17.578829
2019-02-14 20:30:00,5.2836347,-18.370691
2019-02-14 21:00:00,6.3069873,-21.977562
2019-02-14 21:30:00,9.004794,-24.413786
2019-02-14 22:00:00,3.7337155,-14.676697
2019-02-14 22:30:00,4.0630417,-7.3848677
2019-02-14 23:00:00,10.10382,-7.469668
2019-02-14 23:30:00,5.4427094,-9.32874
2019-02-15 00:00:00,0.7815996,-9.585649
2019-02-15 00:30:00,0.9750741,-6.6926064
2019-02-15 01:00:00,0.85590464,-8.360979
2019-02-15 01:30:00,1.6969244,-5.8417997
2019-02-15 02:00:00,0.93605584,-3.3001308
2019-02-15 02:30:00,0.70892435,-4.486914
2019-02-15 03:00:00,2.1193218,2.0706692
2019-02-15 03:30:00,2.3103497,3.7621775
2019-02-15 04:00:00,3.6084945,6.6593437
2019-02-15 04:30:00,10.055018,3.8363514
2019-02-15 05:00:00,16.501537,5.169647
2019-02-15 05:30:00,11.811372,3.2537825
2019-02-15 06:00:00,7.1212053,4.4882264
2019-02-15 06:30:00,4.4733753,5.79327
2019-02-15 07:00:00,1.8255448,5.858819
2019-02-15 07:30:00,1.0690018,7.9122615
2019-02-15 08:00:00,0.48477706,6.5321217
2019-02-15 08:30:00,0.9458956,5.769492
2019-02-15 09:00:00,0.6616087,5.1074977
2019-02-15 09:30:00,-0.57462245,7.9162817
2019-02-15 10:00:00,-1.810858,6.16525
2019-02-15 10:30:00,-1.9349169,2.6922915
2019-02-15 11:00:00,-1.9446298,0.3323307
2019-02-15 11:30:00,-1.2674603,-8.69173
2019-02-15 12:00:00,-1.3702404,-10.5557995
2019-02-15 12:30:00,-3.1649435,-10.534941
2019-02-15 13:00:00,-4.959651,-4.255304
2019-02-15 13:30:00,-2.4041228,-2.9355223
2019-02-15 14:00:00,-2.7129261,-6.843882
2019-02-15 14:30:00,-1.8750918,-8.792373
2019-02-15 15:00:00,-2.290861,-8.188805
2019-02-15 15:30:00,-1.1568593,-9.169875
2019-02-15 16:00:00,-0.36563683,-8.333199
2019-02-15 16:30:00,-0.70662034,-6.3680477
2019-02-15 17:00:00,-0.15048164,-5.117542
2019-02-15 17:30:00,0.405657,-0.88985306
2019-02-15 18:00:00,0.58629,7.6964774
2019-02-15 18:30:00,0.69655037,10.530407
2019-02-15 19:00:00,0.80681074,11.461763
2019-02-15 19:30:00,0.59363925,10.775086
2019-02-15 20:00:00,0.60542333,11.627108
2019-02-15 20:30:00,0.7581843,13.773359
2019-02-15 21:00:00,0.7155832,15.416844
2019-02-15 21:30:00,0.6002282,16.425577
2019-02-15 22:00:00,0.65303606,17.84431
2019-02-15 22:30:00,0.7406283,17.985435
2019-02-15 23:00:00,0.6359432,15.987642
2019-02-15 23:30:00,0.70885,15.439717
2019-02-16 00:00:00,0.6280784,18.502323
2019-02-16 00:30:00,0.54730237,18.034063
2019-02-16 01:00:00,0.9530526,17.279814
2019-02-16 01:30:00,0.6619976,13.23282
2019-02-16 02:00:00,0.6423312,10.919899
2019-02-16 02:30:00,0.6058472,9.793981
2019-02-16 03:00:00,0.65507656,8.372973
2019-02-16 03:30:00,0.4801368,6.847597
2019-02-16 04:00:00,0.92763615,4.9796376
2019-02-16 04:30:00,0.74070257,4.4995956
2019-02-16 05:00:00,0.6176051,2.35985
2019-02-16 05:30:00,0.28954172,4.540226
2019-02-16 06:00:00,1.1802235,3.5312226
2019-02-16 06:30:00,1.215235,-1.0152707
2019-02-16 07:00:00,0.31176856,-3.047596
2019-02-16 07:30:00,0.40252417,-6.2334805
2019-02-16 08:00:00,-1.2490655,-8.892134
2019-02-16 08:30:00,-1.9795715,-8.546117
2019-02-16 09:00:00,-2.347741,-8.929998
2019-02-16 09:30:00,-2.7159061,-8.5266075
2019-02-16 10:00:00,-2.18587,-8.689562
2019-02-16 10:30:00,-4.620271,-8.845972
2019-02-16 11:00:00,-6.00319,-8.200117
2019-02-16 11:30:00,-6.8374243,-7.5201035
2019-02-16 12:00:00,-5.736197,-6.1000276
2019-02-16 12:30:00,-7.0080166,-5.898955
2019-02-16 13:00:00,-5.4245796,-7.080578
2019-02-16 13:30:00,-2.4261007,-7.2557797
2019-02-16 14:00:00,-3.871973,-8.36132
2019-02-16 14:30:00,-3.6233225,-6.606535
2019-02-16 15:00:00,-2.4249165,-7.0951147
2019-02-16 15:30:00,-1.3700001,-8.867408
2019-02-16 16:00:00,-1.0921056,-7.8354692
2019-02-16 16:30:00,-0.814211,-6.653143
2019-02-16 17:00:00,-0.63043207,-4.9525905
2019-02-16 17:30:00,-1.1590483,-3.2576258
2019-02-16 18:00:00,1.1496205,-2.7458928
2019-02-16 18:30:00,1.2044908,-2.951549
2019-02-16 19:00:00,1.1349746,-2.8421626
2019-02-16 19:30:00,0.51593924,-2.3691463
2019-02-16 20:00:00,1.0287733,-1.5754117
2019-02-16 20:30:00,0.87215424,-0.29576668
2019-02-16 21:00:00,0.7541732,-0.6753402
2019-02-16 21:30:00,0.70772713,-0.2715299
2019-02-16 22:00:00,0.6751799,-1.0266092
2019-02-16 22:30:00,0.6427506,-1.220372
2019-02-16 23:00:00,0.6103214,-0.97437364
2019-02-16 23:30:00,0.54088813,-1.030725
2019-02-17 00:00:00,0.540342,-0.5793676
2019-02-17 00:30:00,0.50346476,0.49449012
2019-02-17 01:00:00,0.535977,1.7600309
2019-02-17 01:30:00,0.5420111,2.1862733
2019-02-17 02:00:00,0.7655117,2.2016358
2019-02-17 02:30:00,0.30714142,1.3452754
2019-02-17 03:00:00,0.41340822,0.5455677
2019-02-17 03:30:00,0.46658748,-1.5521275
2019-02-17 04:00:00,0.5151571,-2.97444
2019-02-17 04:30:00,0.46202588,-3.3415349
2019-02-17 05:00:00,0.6683987,-3.5106282
2019-02-17 05:30:00,0.8747758,-3.3708487
2019-02-17 06:00:00,1.0419993,-2.4768288
2019-02-17 06:30:00,0.88617545,-1.5501044
2019-02-17 07:00:00,0.94583446,-1.1331556
2019-02-17 07:30:00,0.91449755,-1.0846077
2019-02-17 08:00:00,-0.51554024,-0.60867715
2019-02-17 08:30:00,-1.9455736,-1.0610614
2019-02-17 09:00:00,-3.3016558,-2.2163637
2019-02-17 09:30:00,-4.582651,-2.4472003
2019-02-17 10:00:00,-7.237547,-3.229697
2019-02-17 10:30:00,-7.7542214,-4.245735
2019-02-17 11:00:00,-6.3646746,-5.6358333
2019-02-17 11:30:00,-7.3085265,-4.376763
2019-02-17 12:00:00,-6.520022,-4.1953697
2019-02-17 12:30:00,-5.6347847,-4.82099
2019-02-17 13:00:00,-3.9685528,-4.5409455
2019-02-17 13:30:00,-5.0602727,-2.8345206
2019-02-17 14:00:00,-4.906909,-2.982873
2019-02-17 14:30:00,-4.949462,-3.0910447
2019-02-17 15:00:00,-4.233947,-3.202546
2019-02-17 15:30:00,-2.6933427,-2.876274
2019-02-17 16:00:00,-1.7421327,-2.1046746
2019-02-17 16:30:00,-1.9483132,-0.8161466
2019-02-17 17:00:00,-1.6555542,1.0841372
2019-02-17 17:30:00,-0.33483297,1.9455881
2019-02-17 18:00:00,0.6484439,2.6886168
2019-02-17 18:30:00,0.75876105,2.1551943
2019-02-17 19:00:00,1.2252146,1.5358924
2019-02-17 19:30:00,1.2205175,2.0166335
2019-02-17 20:00:00,1.2158161,1.9942844
2019-02-17 20:30:00,1.38567,1.7979873
2019-02-17 21:00:00,1.3948237,1.1482267
2019-02-17 21:30:00,1.2047573,0.65127957
2019-02-17 22:00:00,0.99509007,0.79290307
2019-02-17 22:30:00,1.1730796,0.64702386
2019-02-17 23:00:00,0.9980175,0.6508208
2019-02-17 23:30:00,1.0828614,0.48362792
2019-02-18 00:00:00,1.2712281,0.3762557
2019-02-18 00:30:00,1.1703575,0.42837757
2019-02-18 01:00:00,1.1914746,0.65365213
2019-02-18 01:30:00,1.0175397,0.6547401
2019-02-18 02:00:00,0.81467116,0.835609
2019-02-18 02:30:00,0.9642818,0.57267076
2019-02-18 03:00:00,1.6250925,0.8185599
2019-02-18 03:30:00,2.2858987,0.79605776
2019-02-18 04:00:00,2.9467094,0.7536445
2019-02-18 04:30:00,3.60752,0.47273514
2019-02-18 05:00:00,7.8887806,0.7199744
2019-02-18 05:30:00,13.63001,0.88371116
2019-02-18 06:00:00,-9.17725,0.9628093
2019-02-18 06:30:00,1.5117124,0.5801642
2019-02-18 07:00:00,12.200676,0.24000214
2019-02-18 07:30:00,22.889637,-0.037254505
2019-02-18 08:00:00,41.220985,-0.5875601
2019-02-18 08:30:00,8.883694,-1.1278774
2019-02-18 09:00:00,23.505816,-2.0309243
2019-02-18 09:30:00,38.127945,-2.3033047
2019-02-18 10:00:00,52.750065,-2.5898242
2019-02-18 10:30:00,44.300873,-3.1623437
2019-02-18 11:00:00,35.85168,-3.5500486
2019-02-18 11:30:00,27.40249,-3.7278676
2019-02-18 12:00:00,34.868317,-3.6532393
2019-02-18 12:30:00,27.957695,-3.2128882
2019-02-18 13:00:00,21.047073,-2.4189525
2019-02-18 13:30:00,14.136452,-2.2233765
2019-02-18 14:00:00,7.225825,-1.7755407
2019-02-18 14:30:00,0.31520286,-1.7484332
2019-02-18 15:00:00,-6.5954194,-1.4397655
2019-02-18 15:30:00,-13.506041,-1.0867794
2019-02-18 16:00:00,-16.37545,-0.86054355
2019-02-18 16:30:00,-19.244856,-0.40309957
2019-02-18 17:00:00,-22.114265,0.208639
2019-02-18 17:30:00,0.11627545,0.6424142
2019-02-18 18:00:00,22.346813,0.4660588
2019-02-18 18:30:00,44.57736,0.5237341
2019-02-18 19:00:00,40.50687,0.8635772
2019-02-18 19:30:00,36.436386,0.7019115
2019-02-18 20:00:00,32.3659,0.9030149
2019-02-18 20:30:00,28.29541,0.7376309
2019-02-18 21:00:00,24.22493,0.91768277
2019-02-18 21:30:00,20.154448,0.76513594
2019-02-18 22:00:00,16.08396,0.7718298
2019-02-18 22:30:00,12.013475,0.4890765
2019-02-18 23:00:00,7.9429913,0.45281968
2019-02-18 23:30:00,3.8725076,0.40284315
2019-02-19 00:00:00,-0.1979764,0.33467704
2019-02-19 00:30:00,-4.2684646,0.36491287
2019-02-19 01:00:00,4.441807,0.14989318
2019-02-19 01:30:00,11.768705,-0.19721614
2019-02-19 02:00:00,8.211815,-0.6877754
2019-02-19 02:30:00,4.65493,-0.69420266
2019-02-19 03:00:00,12.799184,-0.6034077
2019-02-19 03:30:00,10.531482,-0.33432174
2019-02-19 04:00:00,7.8392763,0.105706014
2019-02-19 04:30:00,4.455269,0.37924433
2019-02-19 05:00:00,3.838051,0.4497218
2019-02-19 05:30:00,9.369731,0.9982229
2019-02-19 06:00:00,-2.8308153,-0.65046555
2019-02-19 06:30:00,4.346061,-0.42647994
2019-02-19 07:00:00,0.42574286,0.6195756
2019-02-19 07:30:00,0.24654303,0.06838746
2019-02-19 08:00:00,-0.057593793,0.28936258
2019-02-19 08:30:00,-0.23888218,1.2495911
2019-02-19 09:00:00,-0.8241906,0.026271367
2019-02-19 09:30:00,-1.5982983,-1.5738343
2019-02-19 10:00:00,-2.2075462,-2.1134613
2019-02-19 10:30:00,-1.6358484,-3.639467
2019-02-19 11:00:00,-1.7068677,-2.9288065
2019-02-19 11:30:00,-1.1926354,-4.0482845
2019-02-19 12:00:00,-1.3224791,-6.9071937
2019-02-19 12:30:00,-1.9550071,-6.2169776
2019-02-19 13:00:00,-1.803155,-7.134697
2019-02-19 13:30:00,-1.9312903,-7.723776
2019-02-19 14:00:00,-3.1554751,-8.629256
2019-02-19 14:30:00,-2.2701895,-8.339552
2019-02-19 15:00:00,-2.2921193,-6.5386486
2019-02-19 15:30:00,-1.9094042,-4.657607
2019-02-19 16:00:00,-1.0073316,-4.0811334
2019-02-19 16:30:00,-0.5725995,-3.1388845
2019-02-19 17:00:00,-0.97983533,-2.8485768
2019-02-19 17:30:00,-0.106342554,-1.5816118
2019-02-19 18:00:00,0.1692581,-2.4357133
2019-02-19 18:30:00,0.44485873,-5.5760956
2019-02-19 19:00:00,1.0091943,-7.3041706
2019-02-19 19:30:00,0.93993586,-7.6206727
2019-02-19 20:00:00,1.181023,-4.921415
2019-02-19 20:30:00,0.8298721,-5.245743
2019-02-19 21:00:00,0.9536993,-4.1217375
2019-02-19 21:30:00,1.061255,-3.6787343
2019-02-19 22:00:00,1.1688151,-2.245813
2019-02-19 22:30:00,0.36566442,-1.1601537
2019-02-19 23:00:00,0.6373982,-2.2588074
2019-02-19 23:30:00,0.6401509,0.5875309
2019-02-20 00:00:00,1.1364863,0.892677
2019-02-20 00:30:00,1.4300363,0.38179603
2019-02-20 01:00:00,1.7235862,1.2234756
2019-02-20 01:30:00,0.69578135,0.7999246
2019-02-20 02:00:00,0.83516777,1.4801701
2019-02-20 02:30:00,1.014123,-2.1154492
2019-02-20 03:00:00,0.42051715,-1.3284782
2019-02-20 03:30:00,1.4352969,0.7069144
2019-02-20 04:00:00,1.0302764,-0.19227877
2019-02-20 04:30:00,0.88482094,2.490183
2019-02-20 05:00:00,0.8966182,2.2015135
2019-02-20 05:30:00,1.1980635,2.646396
2019-02-20 06:00:00,0.7540509,1.3940023
2019-02-20 06:30:00,1.0224901,3.498234
2019-02-20 07:00:00,1.0891707,2.8726492
2019-02-20 07:30:00,0.64882404,2.4940586
2019-02-20 08:00:00,-0.6128892,0.69099694
2019-02-20 08:30:00,-1.8347191,-1.2645985
2019-02-20 09:00:00,-2.0898056,-2.9984233
2019-02-20 09:30:00,-2.311637,-5.068692
2019-02-20 10:00:00,-2.58057,-7.1081967
2019-02-20 10:30:00,13.226231,-6.441313
2019-02-20 11:00:00,29.033033,-3.1245837
2019-02-20 11:30:00,36.55213,-1.6609721
2019-02-20 12:00:00,28.235262,-1.2267294
2019-02-20 12:30:00,19.918385,2.995397
2019-02-20 13:00:00,-14.936499,3.3520753
2019-02-20 13:30:00,-0.5639569,5.215936
2019-02-20 14:00:00,13.808585,5.469847
2019-02-20 14:30:00,28.181126,5.387909
2019-02-20 15:00:00,13.4355,6.2274036
2019-02-20 15:30:00,-1.3101226,2.4767036
2019-02-20 16:00:00,2.499114,2.186872
2019-02-20 16:30:00,6.30835,3.1144092
2019-02-20 17:00:00,4.3400884,4.480685
2019-02-20 17:30:00,2.3718264,4.41352
2019-02-20 18:00:00,0.96853316,3.7193491
2019-02-20 18:30:00,1.3708447,4.595459
2019-02-20 19:00:00,1.7731564,3.8064082
2019-02-20 19:30:00,2.175468,1.77372
2019-02-20 20:00:00,2.5777798,1.1151901
2019-02-20 20:30:00,2.9800913,-0.27977484
2019-02-20 21:00:00,3.382403,-0.43531036
2019-02-20 21:30:00,0.29288426,-0.6367108
2019-02-20 22:00:00,0.27320477,0.9215016
2019-02-20 22:30:00,0.59652734,2.3163357
2019-02-20 23:00:00,0.91985434,4.182303
2019-02-20 23:30:00,1.0598394,4.262795
2019-02-21 00:00:00,1.1998243,5.8004446
2019-02-21 00:30:00,1.1999947,4.807149
2019-02-21 01:00:00,0.4435261,3.9982705
2019-02-21 01:30:00,0.87343884,3.7187724
2019-02-21 02:00:00,0.82041687,2.3644378
2019-02-21 02:30:00,1.0998975,1.790874
2019-02-21 03:00:00,1.207829,0.82310396
2019-02-21 03:30:00,0.7815603,-0.674108
2019-02-21 04:00:00,1.0463425,-0.18083984
2019-02-21 04:30:00,1.1999379,-0.3130212
2019-02-21 05:00:00,1.0948553,1.7412077
2019-02-21 05:30:00,0.7446918,3.5301697
2019-02-21 06:00:00,0.49317494,2.2204328
2019-02-21 06:30:00,0.9420768,5.7262664
2019-02-21 07:00:00,1.7309791,7.9006743
2019-02-21 07:30:00,1.0586246,7.5711036
2019-02-21 08:00:00,0.09189452,-2.3961663
2019-02-21 08:30:00,-0.7456866,-5.2308955
2019-02-21 09:00:00,-1.1308792,-8.700084
2019-02-21 09:30:00,-1.0813308,-10.541521
2019-02-21 10:00:00,-1.3274864,-8.238594
2019-02-21 10:30:00,-2.3418992,1.4150625
2019-02-21 11:00:00,-2.4299326,7.3936467
2019-02-21 11:30:00,-2.9813435,7.93531
2019-02-21 12:00:00,-4.749311,8.5946
2019-02-21 12:30:00,-4.1171894,13.171495
2019-02-21 13:00:00,-3.3671086,7.931775
2019-02-21 13:30:00,-2.6405568,4.6111927
2019-02-21 14:00:00,-2.5875084,8.815221
2019-02-21 14:30:00,-2.0674477,12.805375
2019-02-21 15:00:00,-1.6747093,13.060047
2019-02-21 15:30:00,-0.44123083,12.027816
2019-02-21 16:00:00,-1.7142956,12.744047
2019-02-21 16:30:00,-1.8807107,12.732512
2019-02-21 17:00:00,-1.3001868,12.911144
2019-02-21 17:30:00,0.45627147,11.232281
2019-02-21 18:00:00,0.39346653,6.6978464
2019-02-21 18:30:00,10.6304655,6.4418645
2019-02-21 19:00:00,20.867466,7.8026
2019-02-21 19:30:00,31.10447,8.920924
2019-02-21 20:00:00,18.113873,7.642743
2019-02-21 20:30:00,5.1232796,7.019286
2019-02-21 21:00:00,10.109976,9.744476
2019-02-21 21:30:00,11.907375,10.528839
2019-02-21 22:00:00,13.704774,9.653061
2019-02-21 22:30:00,15.502172,7.8887024
2019-02-21 23:00:00,22.63244,7.3850217
2019-02-21 23:30:00,29.762705,6.959837
2019-02-22 00:00:00,27.913643,6.1644897
2019-02-22 00:30:00,26.06458,6.508549
2019-02-22 01:00:00,24.215519,6.203132
2019-02-22 01:30:00,22.36646,6.132978
2019-02-22 02:00:00,20.517399,6.0125413
2019-02-22 02:30:00,18.668337,5.7762823
2019-02-22 03:00:00,16.819277,6.593262
2019-02-22 03:30:00,14.970219,6.3873434
2019-02-22 04:00:00,13.121157,7.4013195
2019-02-22 04:30:00,11.272095,7.6837583
2019-02-22 05:00:00,9.423033,7.622299
2019-02-22 05:30:00,7.57397,6.691546
2019-02-22 06:00:00,5.7249074,6.7208295
2019-02-22 06:30:00,3.8758502,6.0281925
2019-02-22 07:00:00,4.976225,5.1474595
2019-02-22 07:30:00,6.076605,4.4356375
2019-02-22 08:00:00,7.1769843,5.838314
2019-02-22 08:30:00,1.4100246,4.545653
2019-02-22 09:00:00,0.72773874,4.3951554
2019-02-22 09:30:00,0.04545278,3.2713516
2019-02-22 10:00:00,-0.6368332,3.3044581
2019-02-22 10:30:00,-1.3191191,3.4657786
2019-02-22 11:00:00,-6.576841,3.1413898
2019-02-22 11:30:00,-11.834558,1.8648558
2019-02-22 12:00:00,4.779797,-0.22079748
2019-02-22 12:30:00,-2.5069118,0.45665598
2019-02-22 13:00:00,0.11509136,-0.57168627
2019-02-22 13:30:00,-1.5277466,-0.08955554
2019-02-22 14:00:00,-3.1705842,0.6664893
2019-02-22 14:30:00,-2.9428935,1.1658615
2019-02-22 15:00:00,-5.465874,1.318299
2019-02-22 15:30:00,-5.907903,1.7483953
2019-02-22 16:00:00,-3.6969328,0.97328264
2019-02-22 16:30:00,-3.364404,0.8285919
2019-02-22 17:00:00,-2.4257205,0.80671895
2019-02-22 17:30:00,-2.0628948,1.8885988
2019-02-22 18:00:00,-0.05415949,3.6345358
2019-02-22 18:30:00,0.6748347,5.8359327
2019-02-22 19:00:00,1.4038333,8.023361
2019-02-22 19:30:00,1.546606,10.612293
2019-02-22 20:00:00,0.9475647,11.612951
2019-02-22 20:30:00,1.0830798,9.635566
2019-02-22 21:00:00,0.42985004,9.422635
2019-02-22 21:30:00,0.78316385,8.503932
2019-02-22 22:00:00,0.9010006,7.943516
2019-02-22 22:30:00,1.0188375,8.438212
2019-02-22 23:00:00,1.1366786,9.224682
2019-02-22 23:30:00,1.2545154,10.516853
2019-02-23 00:00:00,5.19242,12.009569
2019-02-23 00:30:00,2.9992027,12.179904
2019-02-23 01:00:00,1.4331123,9.8168545
2019-02-23 01:30:00,0.45571655,7.715484
2019-02-23 02:00:00,-0.5216835,5.7194285
2019-02-23 02:30:00,-1.4990792,3.6131523
2019-02-23 03:00:00,-2.4764748,3.3031385
2019-02-23 03:30:00,-3.4538748,1.3090229
2019-02-23 04:00:00,-4.4312706,1.7601095
2019-02-23 04:30:00,3.6482031,1.5845624
2019-02-23 05:00:00,2.2206514,5.193757
2019-02-23 05:30:00,2.1207943,3.2238524
2019-02-23 06:00:00,2.0209332,7.8785653
2019-02-23 06:30:00,3.8081384,6.4869037
2019-02-23 07:00:00,3.3111913,6.690388
2019-02-23 07:30:00,2.814244,5.9471936
2019-02-23 08:00:00,9.057038,6.971682
2019-02-23 08:30:00,-1.0097872,5.11888
2019-02-23 09:00:00,-3.2328823,5.295799
2019-02-23 09:30:00,-4.1363573,4.739931
2019-02-23 10:00:00,-1.8232058,5.6439524
2019-02-23 10:30:00,-2.825249,8.967698
2019-02-23 11:00:00,-2.825948,5.0566998
2019-02-23 11:30:00,-4.3120837,0.9861941
2019-02-23 12:00:00,-4.1432,-0.9828938
2019-02-23 12:30:00,-7.3206124,-3.234722
2019-02-23 13:00:00,-9.280624,-0.14744495
2019-02-23 13:30:00,-7.5870504,-0.62744784
2019-02-23 14:00:00,-11.667854,-3.8738997
2019-02-23 14:30:00,-5.3955717,-5.5951414
2019-02-23 15:00:00,-8.465,-6.416097
2019-02-23 15:30:00,-1.8066329,-3.5176191
2019-02-23 16:00:00,-2.2040813,-1.3494992
2019-02-23 16:30:00,-1.3050935,1.2175945
2019-02-23 17:00:00,-0.40610567,1.8026276
2019-02-23 17:30:00,-0.22243598,3.182204
2019-02-23 18:00:00,-0.45976993,4.331673
2019-02-23 18:30:00,-0.6971039,3.2986295
2019-02-23 19:00:00,2.536367,2.3174849
2019-02-23 19:30:00,0.8609556,0.80414104
2019-02-23 20:00:00,-0.8144557,-0.6509243
2019-02-23 20:30:00,-1.4228779,-2.3717985
2019-02-23 21:00:00,-2.0313,-1.3587666
2019-02-23 21:30:00,-2.6397266,-2.6923816
2019-02-23 22:00:00,-3.2481487,-2.4272106
2019-02-23 22:30:00,-3.8565753,0.04672426
2019-02-23 23:00:00,-4.464998,2.139482
2019-02-23 23:30:00,-5.0734243,2.3979418
2019-02-24 00:00:00,-5.6818466,3.8827145
2019-02-24 00:30:00,-6.290269,2.5020108
2019-02-24 01:00:00,-6.8986955,1.4917139
2019-02-24 01:30:00,-7.5071177,0.86864567
2019-02-24 02:00:00,-8.115544,-0.20916629
2019-02-24 02:30:00,-8.723967,0.057136405
2019-02-24 03:00:00,-9.332393,-1.1520268
2019-02-24 03:30:00,-9.940815,-1.3807706
2019-02-24 04:00:00,-10.549237,-2.8896224
2019-02-24 04:30:00,-11.157663,-0.552968
2019-02-24 05:00:00,-11.766086,-0.4652185
2019-02-24 05:30:00,-12.374513,-0.0455213
2019-02-24 06:00:00,-12.982935,-0.5873766
2019-02-24 06:30:00,-13.591359,-0.7106445
2019-02-24 07:00:00,-14.199783,-1.9878601
2019-02-24 07:30:00,-14.8082075,-0.55406475
2019-02-24 08:00:00,-15.416632,-0.8575549
2019-02-24 08:30:00,-16.025057,-1.4713732
2019-02-24 09:00:00,-16.63348,-3.1009588
2019-02-24 09:30:00,-17.241903,-5.289226
2019-02-24 10:00:00,-17.850328,-6.482625
2019-02-24 10:30:00,-15.712133,-7.172614
2019-02-24 11:00:00,-8.674239,-7.166584
2019-02-24 11:30:00,-9.729618,-6.2081294
2019-02-24 12:00:00,-11.541567,-6.3452787
2019-02-24 12:30:00,-5.858958,-5.197623
2019-02-24 13:00:00,-10.293228,-5.937488
2019-02-24 13:30:00,-9.300597,-5.4952016
2019-02-24 14:00:00,-4.266717,-5.950775
2019-02-24 14:30:00,-6.1964984,-4.9330897
2019-02-24 15:00:00,-5.8822904,-4.958423
2019-02-24 15:30:00,-7.7625713,-2.0046864
2019-02-24 16:00:00,-6.708843,-1.9148703
2019-02-24 16:30:00,-6.0762453,-1.0560585
2019-02-24 17:00:00,-4.076991,-0.18398139
2019-02-24 17:30:00,-1.5016702,0.14089233
2019-02-24 18:00:00,0.095722064,-0.52175343
2019-02-24 18:30:00,0.16512033,-0.8193188
2019-02-24 19:00:00,-0.2696773,-0.4558419
2019-02-24 19:30:00,-0.7044706,0.22659262
2019-02-24 20:00:00,-1.1392639,0.123104736
2019-02-24 20:30:00,-0.62476504,-0.8170948
2019-02-24 21:00:00,-0.11026622,-0.8835525
2019-02-24 21:30:00,0.4042326,-1.8446943
2019-02-24 22:00:00,1.1147357,-1.9815551
2019-02-24 22:30:00,1.8252432,-3.7263122
2019-02-24 23:00:00,2.5357466,-3.806861
2019-02-24 23:30:00,3.2462497,-5.0859776
2019-02-25 00:00:00,3.956753,-4.250974
2019-02-25 00:30:00,4.66726,-4.1892962
2019-02-25 01:00:00,5.3777633,-3.368651
2019-02-25 01:30:00,6.0882664,-4.12709
2019-02-25 02:00:00,6.7987742,-5.170926
2019-02-25 02:30:00,7.5092773,-5.397145
2019-02-25 03:00:00,8.21978,-7.3033576
2019-02-25 03:30:00,8.930284,-6.988503
2019-02-25 04:00:00,9.640792,-5.979853
2019-02-25 04:30:00,10.3512945,-8.437005
2019-02-25 05:00:00,11.061798,-6.0415177
2019-02-25 05:30:00,4.5421443,-6.183316
2019-02-25 06:00:00,0.57792705,-5.6726317
2019-02-25 06:30:00,4.4377565,-4.249567
2019-02-25 07:00:00,2.6276515,-5.113452
2019-02-25 07:30:00,0.8175462,-4.8396034
2019-02-25 08:00:00,-2.5383315,-3.4883096
2019-02-25 08:30:00,-3.834711,-4.91078
2019-02-25 09:00:00,-5.1310954,-4.3207045
2019-02-25 09:30:00,-6.427475,-4.2523723
2019-02-25 10:00:00,-5.4425464,-6.458908
2019-02-25 10:30:00,-4.8023243,-7.029636
2019-02-25 11:00:00,-7.40027,-7.9816456
2019-02-25 11:30:00,-9.956461,-9.359421
2019-02-25 12:00:00,-7.44783,-10.618735
2019-02-25 12:30:00,-7.6971445,-10.029578
2019-02-25 13:00:00,-9.704416,-9.143978
2019-02-25 13:30:00,-7.242121,-9.994701
2019-02-25 14:00:00,-7.6817994,-9.874134
2019-02-25 14:30:00,-7.5466166,-10.311571
2019-02-25 15:00:00,-7.7983603,-7.7256284
2019-02-25 15:30:00,-6.2638564,-7.0066314
2019-02-25 16:00:00,-5.732789,-7.0610604
2019-02-25 16:30:00,-3.2427263,-6.7479315
2019-02-25 17:00:00,-1.3324369,-5.9964437
2019-02-25 17:30:00,-0.94321585,-5.3788066
2019-02-25 18:00:00,0.2914118,-4.2120695
2019-02-25 18:30:00,0.37117416,-2.8080685
2019-02-25 19:00:00,-2.270006,-2.3251383
2019-02-25 19:30:00,-4.911186,-1.4539833
2019-02-25 20:00:00,-0.069377914,-0.18614858
2019-02-25 20:30:00,2.5242596,-0.349396
2019-02-25 21:00:00,-31.331291,0.33546352
2019-02-25 21:30:00,-0.9408783,0.63586456
2019-02-25 22:00:00,-1.8963224,1.0885415
2019-02-25 22:30:00,-0.080331855,0.6481774
2019-02-25 23:00:00,1.735663,-0.060184814
2019-02-25 23:30:00,0.8547074,0.5055795
2019-02-26 00:00:00,1.6505133,1.9001688
2019-02-26 00:30:00,6.557525,2.6384087
2019-02-26 01:00:00,0.754431,2.7350366
2019-02-26 01:30:00,-0.098547645,4.9692864
2019-02-26 02:00:00,-0.9515307,5.8250265
2019-02-26 02:30:00,1.2569753,3.2918394
2019-02-26 03:00:00,2.1027534,4.441872
2019-02-26 03:30:00,2.412601,4.0920234
2019-02-26 04:00:00,5.1147375,3.1408088
2019-02-26 04:30:00,1.9180655,3.6320846
2019-02-26 05:00:00,2.0734046,3.3119864
2019-02-26 05:30:00,1.7190988,4.123321
2019-02-26 06:00:00,1.3605856,1.8662845
2019-02-26 06:30:00,1.5324973,3.4815388
2019-02-26 07:00:00,0.8321747,1.957783
2019-02-26 07:30:00,0.6135372,-0.09330007
2019-02-26 08:00:00,-0.64627534,-2.0056434
2019-02-26 08:30:00,-2.0869918,-3.8026621
2019-02-26 09:00:00,-2.0629823,-6.3008337
2019-02-26 09:30:00,-2.908485,-6.685052
2019-02-26 10:00:00,-4.9413786,-6.576308
2019-02-26 10:30:00,-7.045763,-6.2509665
2019-02-26 11:00:00,-7.7840333,-5.855528
2019-02-26 11:30:00,-7.8679466,-5.3868504
2019-02-26 12:00:00,-9.261976,-4.807786
2019-02-26 12:30:00,-5.9197006,-3.6760297
2019-02-26 13:00:00,-3.3311443,-2.8320081
2019-02-26 13:30:00,-3.9797559,-1.9710032
2019-02-26 14:00:00,-2.153952,-1.810893
2019-02-26 14:30:00,-27.78792,-2.0703707
2019-02-26 15:00:00,13.965392,-1.8241234
2019-02-26 15:30:00,15.294341,-1.5629591
2019-02-26 16:00:00,16.623285,-1.8000133
2019-02-26 16:30:00,17.952234,-2.4644854
2019-02-26 17:00:00,19.281178,-2.1439111
2019-02-26 17:30:00,20.61012,-1.9622645
2019-02-26 18:00:00,21.93907,-1.9919367
2019-02-26 18:30:00,23.268015,-1.1838224
2019-02-26 19:00:00,24.596962,-1.2894601
2019-02-26 19:30:00,25.925907,-0.47699827
2019-02-26 20:00:00,27.25485,0.4160298
2019-02-26 20:30:00,28.583796,1.6095289
2019-02-26 21:00:00,29.91274,-2.161183
2019-02-26 21:30:00,31.241693,-0.7014339
2019-02-26 22:00:00,32.570637,-2.1039667
2019-02-26 22:30:00,14.986197,-2.6797497
2019-02-26 23:00:00,8.441625,-3.444778
2019-02-26 23:30:00,10.144611,-3.5886035
2019-02-27 00:00:00,4.80548,-3.1527004
2019-02-27 00:30:00,8.034192,-2.382879
2019-02-27 01:00:00,11.262906,-1.712491
2019-02-27 01:30:00,14.491614,-1.7143306
2019-02-27 02:00:00,2.1490772,-0.3007215
2019-02-27 02:30:00,1.033632,-0.649749
2019-02-27 03:00:00,0.91126424,-0.028485233
2019-02-27 03:30:00,1.0762463,0.9950245
2019-02-27 04:00:00,1.1347561,0.7127213
2019-02-27 04:30:00,0.94923383,1.054867
2019-02-27 05:00:00,1.2658057,0.41162553
2019-02-27 05:30:00,1.5017984,0.3866154
2019-02-27 06:00:00,1.4066472,-0.6695246
2019-02-27 06:30:00,1.4402212,-0.5845496
2019-02-27 07:00:00,1.3016956,-0.9613748
2019-02-27 07:30:00,1.0788242,-1.2255453
2019-02-27 08:00:00,0.5651424,-1.1146775
2019-02-27 08:30:00,-0.035716496,-0.9372211
2019-02-27 09:00:00,-1.1854304,-1.4763411
2019-02-27 09:30:00,2.1141267,-1.8349375
2019-02-27 10:00:00,5.413684,-1.9858284
2019-02-27 10:30:00,8.713237,-1.7144048
2019-02-27 11:00:00,12.0127945,-3.3494694
2019-02-27 11:30:00,15.312351,-3.3322368
2019-02-27 12:00:00,18.611902,-3.9021606
2019-02-27 12:30:00,21.91146,-3.9606314
2019-02-27 13:00:00,18.904915,-3.5523643
2019-02-27 13:30:00,5.389272,-3.0484393
2019-02-27 14:00:00,-8.126368,-2.5320528
2019-02-27 14:30:00,-13.685205,-6.566459
2019-02-27 15:00:00,-6.289784,-1.3409003
2019-02-27 15:30:00,-2.2001927,-0.3238528
2019-02-27 16:00:00,-0.2623674,0.10078176
2019-02-27 16:30:00,-1.2168634,-0.31826878
2019-02-27 17:00:00,-0.6445232,-0.527805
2019-02-27 17:30:00,0.88112015,-0.25806358
2019-02-27 18:00:00,0.93172145,-0.611574
2019-02-27 18:30:00,0.9129333,-2.6576846
2019-02-27 19:00:00,1.2301345,-1.1873834
2019-02-27 19:30:00,0.96869045,0.058276802
2019-02-27 20:00:00,0.70724213,0.7808743
2019-02-27 20:30:00,7.622963,0.67211264
2019-02-27 21:00:00,1.4096751,-1.5178937
2019-02-27 21:30:00,1.226639,0.7203589
2019-02-27 22:00:00,1.0436072,0.487237
2019-02-27 22:30:00,0.8605711,2.5416408
2019-02-27 23:00:00,0.46379983,2.4297726
2019-02-27 23:30:00,0.42301202,0.32831964
2019-02-28 00:00:00,0.7267556,0.9936307
2019-02-28 00:30:00,0.8708085,0.5103246
2019-02-28 01:00:00,1.0148658,1.3057373
2019-02-28 01:30:00,1.2681828,3.2545252
2019-02-28 02:00:00,1.521504,0.44240755
2019-02-28 02:30:00,1.774821,-0.38085088
2019-02-28 03:00:00,0.49040475,-0.93399656
2019-02-28 03:30:00,1.2351242,-0.7940159
2019-02-28 04:00:00,0.7785192,-0.8890229
2019-02-28 04:30:00,0.32190982,-0.352756
2019-02-28 05:00:00,1.6286316,-0.797341
2019-02-28 05:30:00,0.20968327,0.35824963
2019-02-28 06:00:00,4.772404,0.687532
2019-02-28 06:30:00,1.8723142,1.61541
2019-02-28 07:00:00,2.1592402,2.7454488
2019-02-28 07:30:00,1.3068732,2.6765835
2019-02-28 08:00:00,0.40526813,2.7327733
2019-02-28 08:30:00,-0.49633697,1.1876557
2019-02-28 09:00:00,-2.1107392,1.7355844
2019-02-28 09:30:00,-3.2648702,0.7001463
2019-02-28 10:00:00,-4.6026583,-0.7906865
2019-02-28 10:30:00,-5.266073,-2.8158853
2019-02-28 11:00:00,-5.378942,-3.3012233
2019-02-28 11:30:00,-7.1565084,-2.630695
2019-02-28 12:00:00,-8.100313,-1.142886
2019-02-28 12:30:00,-9.044449,2.5186188
2019-02-28 13:00:00,-7.0393357,4.067105
2019-02-28 13:30:00,-7.1233454,3.6365545
2019-02-28 14:00:00,-5.8376923,1.59511
2019-02-28 14:30:00,-4.813204,-0.7888513
2019-02-28 15:00:00,-7.0802283,0.9345921
2019-02-28 15:30:00,-6.868783,1.0683334
2019-02-28 16:00:00,-6.4911757,1.2831259
2019-02-28 16:30:00,-4.9486666,2.6866112
2019-02-28 17:00:00,-4.287904,3.1420147
2019-02-28 17:30:00,-1.9463819,4.0641384
2019-02-28 18:00:00,-0.16230072,5.969324
2019-02-28 18:30:00,0.6154641,4.4212055
2019-02-28 19:00:00,3.0485675,5.33213
2019-02-28 19:30:00,1.7767174,4.874249
2019-02-28 20:00:00,1.0698582,4.9564495
2019-02-28 20:30:00,5.167755,3.5527854
2019-02-28 21:00:00,0.8618251,4.9321604
2019-02-28 21:30:00,4.2588844,2.098856
2019-02-28 22:00:00,3.8154309,0.37886855
2019-02-28 22:30:00,1.586096,-0.86435795
2019-02-28 23:00:00,2.3245544,-0.5374219
2019-02-28 23:30:00,1.7660955,-0.40968418
2019-03-01 00:00:00,1.5369104,-1.1179415
2019-03-01 00:30:00,1.3077296,-0.2822217
2019-03-01 01:00:00,0.4901863,2.906245
2019-03-01 01:30:00,1.5139889,7.123224
2019-03-01 02:00:00,2.5377915,10.4459305
2019-03-01 02:30:00,2.883494,9.698427
2019-03-01 03:00:00,1.4735156,8.62817
2019-03-01 03:30:00,1.9573328,9.156581
2019-03-01 04:00:00,1.2929132,12.193195
2019-03-01 04:30:00,1.8834997,16.1379
2019-03-01 05:00:00,1.8361186,15.373469
2019-03-01 05:30:00,1.6011091,15.523425
2019-03-01 06:00:00,1.8603554,12.521718
2019-03-01 06:30:00,1.7649114,13.625671
2019-03-01 07:00:00,1.5262011,11.102643
2019-03-01 07:30:00,1.1276821,9.251217
2019-03-01 08:00:00,0.13707352,8.999952
2019-03-01 08:30:00,-0.8951793,7.5619497
2019-03-01 09:00:00,-2.2735627,6.3524284
2019-03-01 09:30:00,-2.502315,4.3674536
2019-03-01 10:00:00,-3.2000117,4.1678357
2019-03-01 10:30:00,-4.1036835,3.457503
2019-03-01 11:00:00,-5.5208015,4.6649923
2019-03-01 11:30:00,-5.5576744,4.775611
2019-03-01 12:00:00,-6.635661,3.8053246
2019-03-01 12:30:00,-3.5337508,0.972636
2019-03-01 13:00:00,-3.99102,0.07533034
2019-03-01 13:30:00,-4.4093103,-0.8109209
2019-03-01 14:00:00,-4.162862,-2.749301
2019-03-01 14:30:00,-3.9164093,-1.8394904
2019-03-01 15:00:00,-3.6699607,-2.246783
2019-03-01 15:30:00,-8.2726965,-2.024877
2019-03-01 16:00:00,-12.875431,-2.3428385
2019-03-01 16:30:00,-17.478165,-1.5543733
2019-03-01 17:00:00,-22.080898,-1.0723867
2019-03-01 17:30:00,2.0962648,-0.20266034
2019-03-01 18:00:00,1.9801759,0.60338724
2019-03-01 18:30:00,1.7145197,1.9192628
2019-03-01 19:00:00,1.9039701,1.9324539
2019-03-01 19:30:00,1.3093463,3.82957
2019-03-01 20:00:00,1.4919935,3.589715
2019-03-01 20:30:00,1.6542666,3.1764495
2019-03-01 21:00:00,1.7603586,2.1264353
2019-03-01 21:30:00,1.4859289,1.5386755
2019-03-01 22:00:00,1.3144759,1.5499747
2019-03-01 22:30:00,1.5527012,0.88569045
2019-03-01 23:00:00,1.575081,0.76507473
2019-03-01 23:30:00,1.683043,1.4399503
2019-03-02 00:00:00,1.5865461,2.7191236
2019-03-02 00:30:00,1.6463013,2.8311973
2019-03-02 01:00:00,1.250098,2.7634897
2019-03-02 01:30:00,2.052519,3.279011
2019-03-02 02:00:00,1.9419179,2.4076157
2019-03-02 02:30:00,1.633119,2.6720526
2019-03-02 03:00:00,1.491845,2.0499716
2019-03-02 03:30:00,1.1467849,1.7523321
2019-03-02 04:00:00,1.2182717,1.4574451
2019-03-02 04:30:00,5.2807117,1.3370217
2019-03-02 05:00:00,5.552904,0.8408697
2019-03-02 05:30:00,5.8250966,0.046763584
2019-03-02 06:00:00,6.0972934,-0.4225781
2019-03-02 06:30:00,6.3694863,-0.9669108
2019-03-02 07:00:00,14.693215,-1.540317
2019-03-02 07:30:00,7.333634,-1.7248476
2019-03-02 08:00:00,-0.025946645,-2.2631724
2019-03-02 08:30:00,-7.3855276,-3.0436592
2019-03-02 09:00:00,9.450336,-4.170565
2019-03-02 09:30:00,2.6033535,-5.0400906
2019-03-02 10:00:00,-4.243629,-4.717664
2019-03-02 10:30:00,-3.00787,-4.228843
2019-03-02 11:00:00,-4.5105915,-3.3018656
2019-03-02 11:30:00,-3.2233572,-3.9154172
2019-03-02 12:00:00,-2.687418,-4.203086
2019-03-02 12:30:00,-2.7186894,-4.017424
2019-03-02 13:00:00,-3.305326,-4.5024953
2019-03-02 13:30:00,-3.8908353,-4.2956724
2019-03-02 14:00:00,-2.2037973,-4.13059
2019-03-02 14:30:00,-2.604064,-3.5304563
2019-03-02 15:00:00,-3.0618837,-3.5432324
2019-03-02 15:30:00,-2.0564194,-3.3526459
2019-03-02 16:00:00,-1.1417108,-2.9168172
2019-03-02 16:30:00,-2.4868739,-2.3425763
2019-03-02 17:00:00,-0.86063963,-1.64675
2019-03-02 17:30:00,0.0044945637,-0.5663251
2019-03-02 18:00:00,0.92840075,-0.684376
2019-03-02 18:30:00,1.5757276,-0.45698667
2019-03-02 19:00:00,1.669887,0.4948309
2019-03-02 19:30:00,1.7321632,0.97365844
2019-03-02 20:00:00,2.1223543,1.3159221
2019-03-02 20:30:00,1.7292095,0.8654473
2019-03-02 21:00:00,1.6315591,0.6925786
2019-03-02 21:30:00,1.5297097,0.38494194
2019-03-02 22:00:00,1.756212,0.23671202
2019-03-02 22:30:00,1.3193127,0.5208329
2019-03-02 23:00:00,1.6138327,0.1669642
2019-03-02 23:30:00,1.3138642,-0.1557467
2019-03-03 00:00:00,0.9448907,-0.1118654
2019-03-03 00:30:00,0.56048465,0.17209817
2019-03-03 01:00:00,0.81849873,0.62249
2019-03-03 01:30:00,0.9013152,0.7402219
2019-03-03 02:00:00,0.9826593,0.53332484
2019-03-03 02:30:00,0.9128022,0.65296614
2019-03-03 03:00:00,1.0470678,1.1734335
2019-03-03 03:30:00,0.78280556,1.5379721
2019-03-03 04:00:00,0.5185477,2.0329661
2019-03-03 04:30:00,0.86960256,2.8597858
2019-03-03 05:00:00,0.7368663,3.1075537
2019-03-03 05:30:00,0.74908733,3.7050264
2019-03-03 06:00:00,0.5771362,3.6177006
2019-03-03 06:30:00,0.67974585,3.6632423
2019-03-03 07:00:00,0.7823555,2.628665
2019-03-03 07:30:00,0.12926988,1.8517871
2019-03-03 08:00:00,-0.52381575,2.1390188
2019-03-03 08:30:00,-0.6523662,-1.0992931
2019-03-03 09:00:00,-1.6297008,0.6791866
2019-03-03 09:30:00,-1.8833498,-0.21379341
2019-03-03 10:00:00,-1.9609057,-2.652332
2019-03-03 10:30:00,-2.8620517,-3.4723704
2019-03-03 11:00:00,-2.129086,-4.657485
2019-03-03 11:30:00,-2.214664,-3.8561864
2019-03-03 12:00:00,-3.0668952,-4.266612
2019-03-03 12:30:00,-5.744219,-4.5279074
2019-03-03 13:00:00,-3.9515824,-4.56073
2019-03-03 13:30:00,-4.3608327,-3.0501869
2019-03-03 14:00:00,-3.2595484,-2.1236987
2019-03-03 14:30:00,-3.8979137,-1.0695641
2019-03-03 15:00:00,-3.769656,-2.589654
2019-03-03 15:30:00,-2.499829,-2.7766619
2019-03-03 16:00:00,-2.6900265,-2.7909102
2019-03-03 16:30:00,-1.1866013,-3.8475614
2019-03-03 17:00:00,-1.2138529,-3.093343
2019-03-03 17:30:00,-0.309517,-1.759125
2019-03-03 18:00:00,0.27181968,-0.8698153
2019-03-03 18:30:00,0.17936876,-0.5620781
2019-03-03 19:00:00,0.08691784,0.81531346
2019-03-03 19:30:00,-0.10648237,0.93176955
2019-03-03 20:00:00,-0.2998826,1.3367465
2019-03-03 20:30:00,0.60811925,1.4741535
2019-03-03 21:00:00,1.9329126,1.784071
2019-03-03 21:30:00,-0.18457562,1.4704133
2019-03-03 22:00:00,-2.3020682,1.5527143
2019-03-03 22:30:00,2.002468,1.7466476
2019-03-03 23:00:00,3.0273807,1.7691234
2019-03-03 23:30:00,4.052293,0.9666587
2019-03-04 00:00:00,1.6202118,0.87722266
2019-03-04 00:30:00,5.513458,0.40593663
2019-03-04 01:00:00,3.2793212,0.7819055
2019-03-04 01:30:00,4.381916,1.1356605
2019-03-04 02:00:00,-5.21053,2.212839
2019-03-04 02:30:00,7.4797187,3.7285771
2019-03-04 03:00:00,6.407071,4.165424
2019-03-04 03:30:00,5.3344193,4.2932534
2019-03-04 04:00:00,4.261768,5.1229606
2019-03-04 04:30:00,3.1891205,4.784035
2019-03-04 05:00:00,2.1164687,4.5310025
2019-03-04 05:30:00,1.0438169,5.660805
2019-03-04 06:00:00,-0.02883478,5.140438
2019-03-04 06:30:00,-1.1014822,4.0028057
2019-03-04 07:00:00,-2.174134,3.8570795
2019-03-04 07:30:00,-3.2467856,3.0376835
2019-03-04 08:00:00,-4.3194327,-0.10428459
2019-03-04 08:30:00,-5.392085,-1.1791166
2019-03-04 09:00:00,-12.727476,-2.321551
2019-03-04 09:30:00,-4.6570873,-3.454421
2019-03-04 10:00:00,-9.373255,-4.267757
2019-03-04 10:30:00,-8.353673,-5.093995
2019-03-04 11:00:00,-9.117308,-6.1959043
2019-03-04 11:30:00,-8.589015,-5.5122766
2019-03-04 12:00:00,-8.364784,-5.2849965
2019-03-04 12:30:00,-9.553477,-5.5360503
2019-03-04 13:00:00,-10.167623,-5.761181
2019-03-04 13:30:00,-5.696755,-5.616346
2019-03-04 14:00:00,-7.6667166,-4.9023995
2019-03-04 14:30:00,-7.682975,-4.131595
2019-03-04 15:00:00,-6.5025663,-3.717875
2019-03-04 15:30:00,-7.3323,-3.174744
2019-03-04 16:00:00,-6.357098,-3.0696785
2019-03-04 16:30:00,-3.4299004,-1.8150089
2019-03-04 17:00:00,-4.011818,-0.58318204
2019-03-04 17:30:00,-1.4003758,-0.12202849
2019-03-04 18:00:00,1.2466506,0.48449743
2019-03-04 18:30:00,2.6859603,0.060693048
2019-03-04 19:00:00,2.4777129,0.15690598
2019-03-04 19:30:00,2.5634787,-0.054867323
2019-03-04 20:00:00,2.3462307,-0.041768033
2019-03-04 20:30:00,1.9250216,0.22446913
2019-03-04 21:00:00,1.3798718,1.128639
2019-03-04 21:30:00,1.7761756,0.92698073
2019-03-04 22:00:00,2.3795907,0.520361
2019-03-04 22:30:00,2.965738,1.2754183
2019-03-04 23:00:00,2.0093849,0.9451441
2019-03-04 23:30:00,2.4072006,1.0559593
2019-03-05 00:00:00,2.8483906,0.8595967
2019-03-05 00:30:00,2.950467,0.87631387
2019-03-05 01:00:00,2.717179,1.7532103
2019-03-05 01:30:00,2.8283002,0.7762122
2019-03-05 02:00:00,3.7956116,-0.947926
2019-03-05 02:30:00,1.8031213,0.82567316
2019-03-05 03:00:00,1.9463396,1.2475594
2019-03-05 03:30:00,1.9651278,1.8942002
2019-03-05 04:00:00,2.8718715,1.183435
2019-03-05 04:30:00,1.2778302,1.0789902
2019-03-05 05:00:00,3.2134273,0.41524333
2019-03-05 05:30:00,3.6101635,0.6510699
2019-03-05 06:00:00,2.6600676,-0.7355192
2019-03-05 06:30:00,2.2719343,-0.9827016
2019-03-05 07:00:00,2.560962,-1.3478956
2019-03-05 07:30:00,2.282932,-2.0142815
2019-03-05 08:00:00,1.0048468,-1.7260841
2019-03-05 08:30:00,0.62184334,-2.0558777
2019-03-05 09:00:00,-7.027604,-2.8785155
2019-03-05 09:30:00,-14.677049,-2.4061983
2019-03-05 10:00:00,-3.9032006,-2.8688374
2019-03-05 10:30:00,-12.384602,-3.1461682
2019-03-05 11:00:00,-6.8084335,-3.7342906
2019-03-05 11:30:00,-19.965218,-3.8050258
2019-03-05 12:00:00,15.143262,-4.0727267
2019-03-05 12:30:00,-3.8703825,-3.5924923
2019-03-05 13:00:00,26.95307,-3.3021975
2019-03-05 13:30:00,22.771757,-3.4386303
2019-03-05 14:00:00,18.590437,-3.1028376
2019-03-05 14:30:00,14.409121,-2.3502052
2019-03-05 15:00:00,10.227799,-3.1513722
2019-03-05 15:30:00,6.0464826,-2.9536464
2019-03-05 16:00:00,1.865166,-2.9558573
2019-03-05 16:30:00,-2.316155,-2.3403044
2019-03-05 17:00:00,0.2139827,-2.6019928
2019-03-05 17:30:00,2.766579,-1.7122507
2019-03-05 18:00:00,2.3878837,-1.1331992
2019-03-05 18:30:00,2.0091927,-0.91012245
2019-03-05 19:00:00,1.6305017,-0.7812181
2019-03-05 19:30:00,2.521092,-0.00075301644
2019-03-05 20:00:00,2.6851082,0.055056598
2019-03-05 20:30:00,1.5470648,-0.10646489
2019-03-05 21:00:00,2.2997365,0.12493112
2019-03-05 21:30:00,3.0524082,-0.03150008
2019-03-05 22:00:00,2.099861,0.1253899
2019-03-05 22:30:00,1.9402182,0.6203883
2019-03-05 23:00:00,1.7805755,0.62855464
2019-03-05 23:30:00,1.6209284,-0.03853472
2019-03-06 00:00:00,-0.7516245,0.634226
2019-03-06 00:30:00,0.7898096,0.027276317
2019-03-06 01:00:00,2.3312483,0.36711067
2019-03-06 01:30:00,3.8726823,0.5742874
2019-03-06 02:00:00,2.3979464,0.67379916
2019-03-06 02:30:00,0.92321,1.330909
2019-03-06 03:00:00,-0.5515261,2.5267107
2019-03-06 03:30:00,-2.0262623,2.6789212
2019-03-06 04:00:00,-3.5009983,3.9853327
2019-03-06 04:30:00,-4.975739,4.1873055
2019-03-06 05:00:00,-6.450475,3.6350732
2019-03-06 05:30:00,-7.9252114,2.4364226
2019-03-06 06:00:00,-9.399947,3.1055655
2019-03-06 06:30:00,-10.874683,2.2892413
2019-03-06 07:00:00,-8.7245035,2.5096703
2019-03-06 07:30:00,-6.574324,2.3042545
2019-03-06 08:00:00,4.4005556,1.7493303
2019-03-06 08:30:00,-11.277895,0.81298023
2019-03-06 09:00:00,-2.0745828,-0.20370461
2019-03-06 09:30:00,-2.1435049,-1.9446648
2019-03-06 10:00:00,-8.307262,-1.8046143
2019-03-06 10:30:00,-8.499561,-3.9410565
2019-03-06 11:00:00,-7.716636,-5.752534
2019-03-06 11:30:00,-6.385385,-8.013454
2019-03-06 12:00:00,-11.204454,-6.4446945
2019-03-06 12:30:00,-10.111839,-7.75981
2019-03-06 13:00:00,-9.922149,-5.948232
2019-03-06 13:30:00,-13.409046,-5.9407654
2019-03-06 14:00:00,-6.870863,-5.5888057
2019-03-06 14:30:00,-7.561542,-5.026026
2019-03-06 15:00:00,-8.378307,-3.7819076
2019-03-06 15:30:00,-2.828657,-2.3668
2019-03-06 16:00:00,-6.0273438,-0.54137176
2019-03-06 16:30:00,-2.64289,0.44897467
2019-03-06 17:00:00,-2.0379546,1.8067479
2019-03-06 17:30:00,0.3263884,1.4217957
2019-03-06 18:00:00,0.51715386,2.8088741
2019-03-06 18:30:00,2.034194,2.6367877
2019-03-06 19:00:00,1.5254933,3.2694073
2019-03-06 19:30:00,2.0985107,3.1342592
2019-03-06 20:00:00,2.6715283,2.5441837
2019-03-06 20:30:00,2.252517,2.2135904
2019-03-06 21:00:00,2.2627368,1.5960407
2019-03-06 21:30:00,2.5760844,1.4634836
2019-03-06 22:00:00,2.5450532,1.1385487
2019-03-06 22:30:00,1.2640362,0.7414017
2019-03-06 23:00:00,4.0750923,1.0749922
2019-03-06 23:30:00,3.0063992,0.31966397
2019-03-07 00:00:00,2.7795427,0.1284397
2019-03-07 00:30:00,5.12262,0.34862834
2019-03-07 01:00:00,2.706684,0.11839021
2019-03-07 01:30:00,2.8489847,0.9625865
2019-03-07 02:00:00,3.237227,1.7830704
2019-03-07 02:30:00,2.947614,1.5168945
2019-03-07 03:00:00,2.9387267,1.9645991
2019-03-07 03:30:00,2.6376615,1.3370785
2019-03-07 04:00:00,1.7951342,1.833414
2019-03-07 04:30:00,0.2875187,2.281892
2019-03-07 05:00:00,1.9178646,2.6814947
2019-03-07 05:30:00,2.6330125,2.1729863
2019-03-07 06:00:00,1.7576102,1.4075298
2019-03-07 06:30:00,2.225676,1.7600964
2019-03-07 07:00:00,1.0473737,1.5410569
2019-03-07 07:30:00,1.4940734,0.48680443
2019-03-07 08:00:00,-0.8027459,-1.0818157
2019-03-07 08:30:00,-4.440608,-2.5146236
2019-03-07 09:00:00,-7.3497167,-3.6465323
2019-03-07 09:30:00,-8.247944,-3.683615
2019-03-07 10:00:00,-10.257155,-4.6284637
2019-03-07 10:30:00,-9.760308,-5.4396057
2019-03-07 11:00:00,-10.620724,-5.5775547
2019-03-07 11:30:00,-9.331645,-6.0728984
2019-03-07 12:00:00,-9.622451,-6.150782
2019-03-07 12:30:00,-11.539321,-6.44296
2019-03-07 13:00:00,-8.511979,-6.9914656
2019-03-07 13:30:00,-11.911986,-6.5208564
2019-03-07 14:00:00,-10.250885,-6.424176
2019-03-07 14:30:00,-9.349543,-5.7810526
2019-03-07 15:00:00,-9.400921,-5.749235
2019-03-07 15:30:00,-8.610722,-5.287771
2019-03-07 16:00:00,-6.712273,-4.4027476
2019-03-07 16:30:00,-4.058832,-3.518445
2019-03-07 17:00:00,-4.585277,-2.435084
2019-03-07 17:30:00,-2.795782,-1.4494654
2019-03-07 18:00:00,0.67080617,-0.35353374
2019-03-07 18:30:00,1.9052285,0.352836
2019-03-07 19:00:00,2.449736,0.7849159
2019-03-07 19:30:00,2.7264028,1.8358389
2019-03-07 20:00:00,2.3724031,1.8879696
2019-03-07 20:30:00,2.3859,2.2331433
2019-03-07 21:00:00,1.9450725,1.939423
2019-03-07 21:30:00,4.466965,2.2412746
2019-03-07 22:00:00,1.3949112,1.5699252
2019-03-07 22:30:00,0.28171626,2.5012245
2019-03-07 23:00:00,0.37369525,3.0436826
2019-03-07 23:30:00,6.1446967,3.0647821
2019-03-08 00:00:00,3.3314693,2.9633348
2019-03-08 00:30:00,2.3179655,1.736397
2019-03-08 01:00:00,3.0737832,2.2202625
2019-03-08 01:30:00,1.5771171,0.5049503
2019-03-08 02:00:00,2.4176302,-0.21528336
2019-03-08 02:30:00,3.9765766,1.0677785
2019-03-08 03:00:00,3.4487338,0.65241563
2019-03-08 03:30:00,3.120264,2.1853383
2019-03-08 04:00:00,2.4934776,1.5563321
2019-03-08 04:30:00,2.501871,0.9981049
2019-03-08 05:00:00,1.4887296,1.9082782
2019-03-08 05:30:00,2.6697543,2.2438133
2019-03-08 06:00:00,2.357438,2.171684
2019-03-08 06:30:00,2.0175862,1.9901685
2019-03-08 07:00:00,1.567522,1.3597685
2019-03-08 07:30:00,-0.1256201,1.6576965
2019-03-08 08:00:00,-3.2147102,-0.31988108
2019-03-08 08:30:00,-4.354331,-1.9880568
2019-03-08 09:00:00,-6.7403984,-4.96877
2019-03-08 09:30:00,-7.6979795,-5.1747756
2019-03-08 10:00:00,-7.6944356,-7.3659005
2019-03-08 10:30:00,-8.85648,-8.752834
2019-03-08 11:00:00,-8.56827,-8.758694
2019-03-08 11:30:00,-8.069177,-10.778125
2019-03-08 12:00:00,-10.061976,-9.559358
2019-03-08 12:30:00,-9.477232,-11.331507
2019-03-08 13:00:00,-8.2547035,-9.223255
2019-03-08 13:30:00,-6.523627,-9.325345
2019-03-08 14:00:00,-10.986507,-7.5910397
2019-03-08 14:30:00,-9.309908,-6.9626627
2019-03-08 15:00:00,-9.327495,-6.061464
2019-03-08 15:30:00,-4.1632814,-5.8426824
2019-03-08 16:00:00,-2.0990644,-5.0495415
2019-03-08 16:30:00,-1.8833586,-3.5608933
2019-03-08 17:00:00,-1.4735404,-2.3500392
2019-03-08 17:30:00,-0.5311781,-1.109832
2019-03-08 18:00:00,0.41118422,-0.1710394
2019-03-08 18:30:00,1.4061666,1.4776359
2019-03-08 19:00:00,2.190577,1.223209
2019-03-08 19:30:00,1.2463622,1.2082441
2019-03-08 20:00:00,0.36146548,0.7291981
2019-03-08 20:30:00,5.492349,5.094265e-05
2019-03-08 21:00:00,5.929799,-0.27354416
2019-03-08 21:30:00,2.8900478,-0.25261065
2019-03-08 22:00:00,1.2832307,-0.30185753
2019-03-08 22:30:00,1.5039743,0.096158996
2019-03-08 23:00:00,6.700783,-0.19144423
2019-03-08 23:30:00,11.897588,0.4819632
2019-03-09 00:00:00,3.5151129,0.8007985
2019-03-09 00:30:00,2.8908825,0.5770445
2019-03-09 01:00:00,5.919016,0.6429079
2019-03-09 01:30:00,2.939902,0.17406002
2019-03-09 02:00:00,1.3648676,0.25850192
2019-03-09 02:30:00,0.15691034,0.34502363
2019-03-09 03:00:00,1.3449346,0.6164122
2019-03-09 03:30:00,2.0338051,1.1889927
2019-03-09 04:00:00,0.47661948,1.7046057
2019-03-09 04:30:00,0.32405952,2.165567
2019-03-09 05:00:00,0.930616,2.2983863
2019-03-09 05:30:00,1.5371726,2.1269681
2019-03-09 06:00:00,2.2908492,1.3992761
2019-03-09 06:30:00,3.0445259,1.2778476
2019-03-09 07:00:00,-3.4297867,0.6338634
2019-03-09 07:30:00,-1.9072894,0.05530128
2019-03-09 08:00:00,-0.38478765,-0.76983595
2019-03-09 08:30:00,-3.441894,-1.3509324
2019-03-09 09:00:00,-7.1997256,-2.4947693
2019-03-09 09:30:00,-7.71017,-3.9421446
2019-03-09 10:00:00,-11.618411,-4.4862194
2019-03-09 10:30:00,-9.322776,-4.0272593
2019-03-09 11:00:00,-7.217749,-5.628637
2019-03-09 11:30:00,-9.751167,-6.646445
2019-03-09 12:00:00,-8.552181,-7.204899
2019-03-09 12:30:00,-7.5211477,-8.214855
2019-03-09 13:00:00,-7.1542144,-8.100029
2019-03-09 13:30:00,-8.296593,-8.1410265
2019-03-09 14:00:00,-6.828327,-7.082195
2019-03-09 14:30:00,-8.25643,-6.957948
2019-03-09 15:00:00,-4.7079554,-7.215779
2019-03-09 15:30:00,-3.6239996,-5.9231524
2019-03-09 16:00:00,-5.347697,-5.206886
2019-03-09 16:30:00,-2.6214497,-4.566851
2019-03-09 17:00:00,-0.5963687,-3.5195506
2019-03-09 17:30:00,-0.9860092,-2.900122
2019-03-09 18:00:00,0.03849679,-2.1577532
2019-03-09 18:30:00,1.0629984,-1.2946814
2019-03-09 19:00:00,2.0874999,-0.33200163
2019-03-09 19:30:00,1.5952542,0.22702082
2019-03-09 20:00:00,1.9336073,0.95263314
2019-03-09 20:30:00,1.9946208,1.2369288
2019-03-09 21:00:00,2.4682403,1.0540806
2019-03-09 21:30:00,2.2232206,0.73626333
2019-03-09 22:00:00,1.710133,0.9116837
2019-03-09 22:30:00,2.0218506,1.2023673
2019-03-09 23:00:00,1.7316345,2.3167202
2019-03-09 23:30:00,1.5532736,2.9055371
2019-03-10 00:00:00,2.3452914,3.3595512
2019-03-10 00:30:00,4.5896215,2.45494
2019-03-10 01:00:00,3.0448537,2.720338
2019-03-10 01:30:00,1.1670586,2.1136198
2019-03-10 02:00:00,1.0433233,1.3527163
2019-03-10 02:30:00,0.9195878,0.8626771
2019-03-10 03:00:00,0.7958524,0.90407664
2019-03-10 03:30:00,0.672117,0.91030735
2019-03-10 04:00:00,4.700017,1.3083675
2019-03-10 04:30:00,8.727918,1.7965498
2019-03-10 05:00:00,7.559197,2.335067
2019-03-10 05:30:00,6.390476,2.2989194
2019-03-10 06:00:00,5.221756,1.7959032
2019-03-10 06:30:00,4.0530357,0.817804
2019-03-10 07:00:00,2.8843153,-0.10675327
2019-03-10 07:30:00,1.7155946,-1.8610094
2019-03-10 08:00:00,0.54687417,-3.046556
2019-03-10 08:30:00,-0.6218463,-4.5353265
2019-03-10 09:00:00,-1.7905668,-5.8846674
2019-03-10 09:30:00,-6.420506,-7.270295
2019-03-10 10:00:00,-8.784215,-8.635701
2019-03-10 10:30:00,-3.8281834,-9.219336
2019-03-10 11:00:00,-11.034881,-10.021377
2019-03-10 11:30:00,-7.3667088,-10.488128
2019-03-10 12:00:00,-8.132593,-10.681454
2019-03-10 12:30:00,-8.8031435,-9.792314
2019-03-10 13:00:00,-9.522127,-9.343045
2019-03-10 13:30:00,-9.08064,-8.856322
2019-03-10 14:00:00,-9.432442,-8.416243
2019-03-10 14:30:00,-6.9897003,-7.5126014
2019-03-10 15:00:00,-7.5752926,-6.5048604
2019-03-10 15:30:00,-8.517498,-5.7446866
2019-03-10 16:00:00,-7.556054,-5.6042385
2019-03-10 16:30:00,-5.461942,-4.427653
2019-03-10 17:00:00,-2.842735,-3.0312502
2019-03-10 17:30:00,-1.4426186,-2.1151872
2019-03-10 18:00:00,0.30126902,-0.60222363
2019-03-10 18:30:00,0.03762292,0.38686883
2019-03-10 19:00:00,-0.22601883,1.4993559
2019-03-10 19:30:00,-0.48966497,2.3480616
2019-03-10 20:00:00,-1.0447463,2.5591793
2019-03-10 20:30:00,-0.17470092,2.3187475
2019-03-10 21:00:00,-1.6288924,2.7386544
2019-03-10 21:30:00,-3.0830882,2.1130738
2019-03-10 22:00:00,-1.218432,1.8998017
2019-03-10 22:30:00,0.6462199,2.3286486
2019-03-10 23:00:00,1.0777886,2.0172496
2019-03-10 23:30:00,0.42279357,1.4266981
2019-03-11 00:00:00,2.8650377,1.7281303
2019-03-11 00:30:00,5.307277,1.8969442
2019-03-11 01:00:00,5.066684,1.456532
2019-03-11 01:30:00,2.3361988,1.6293657
2019-03-11 02:00:00,1.1561484,1.7253689
2019-03-11 02:30:00,3.7088494,1.9062072
2019-03-11 03:00:00,2.093875,0.5519863
2019-03-11 03:30:00,0.47890466,0.58977234
2019-03-11 04:00:00,1.431369,1.2636822
2019-03-11 04:30:00,2.3838289,1.8642528
2019-03-11 05:00:00,3.3362932,2.6495025
2019-03-11 05:30:00,4.6495295,2.593636
2019-03-11 06:00:00,4.6933713,2.0904536
2019-03-11 06:30:00,1.804135,1.448855
2019-03-11 07:00:00,1.4779898,0.87388885
2019-03-11 07:30:00,0.30108115,0.1389305
2019-03-11 08:00:00,-0.8801094,-1.4112598
2019-03-11 08:30:00,-3.504913,-2.645162
2019-03-11 09:00:00,-5.146825,-3.4957201
2019-03-11 09:30:00,-6.5227833,-5.4545493
2019-03-11 10:00:00,-6.625607,-6.659321
2019-03-11 10:30:00,-6.208785,-6.619311
2019-03-11 11:00:00,-7.060387,-7.8394847
2019-03-11 11:30:00,-7.7130537,-7.1968856
2019-03-11 12:00:00,-6.5357823,-6.8253603
2019-03-11 12:30:00,-6.5821757,-7.513593
2019-03-11 13:00:00,-6.9896955,-7.6303067
2019-03-11 13:30:00,-5.454488,-7.8755755
2019-03-11 14:00:00,-5.6332684,-7.4770784
2019-03-11 14:30:00,-4.884822,-6.969789
2019-03-11 15:00:00,-5.593822,-6.28347
2019-03-11 15:30:00,-4.524473,-6.0054445
2019-03-11 16:00:00,-3.9353502,-5.137217
2019-03-11 16:30:00,-2.9506578,-3.841239
2019-03-11 17:00:00,-1.9986699,-3.5691295
2019-03-11 17:30:00,-0.60375726,-2.5207844
2019-03-11 18:00:00,0.791151,-1.6075656
2019-03-11 18:30:00,0.42901987,-0.5160645
2019-03-11 19:00:00,1.3079175,-0.21129416
2019-03-11 19:30:00,2.3107648,0.23658967
2019-03-11 20:00:00,1.9717255,0.5361037
2019-03-11 20:30:00,1.8718204,0.8008378
2019-03-11 21:00:00,1.7719198,0.36533234
2019-03-11 21:30:00,1.6720148,0.71633035
2019-03-11 22:00:00,-0.24525268,1.0100856
2019-03-11 22:30:00,-2.1625247,0.93491983
2019-03-11 23:00:00,-1.8807107,0.45178416
2019-03-11 23:30:00,-1.5989013,0.2655759
2019-03-12 00:00:00,-2.163713,0.41038027
2019-03-12 00:30:00,-0.06439249,0.28787264
2019-03-12 01:00:00,-6.3637524,0.23310731
2019-03-12 01:30:00,1.3971832,0.20219858
2019-03-12 02:00:00,0.6750445,0.34769768
2019-03-12 02:30:00,3.5862238,0.53714365
2019-03-12 03:00:00,2.2382991,0.7484407
2019-03-12 03:30:00,2.9210353,1.1962589
2019-03-12 04:00:00,2.1497805,0.9295237
2019-03-12 04:30:00,2.6517396,0.8895573
2019-03-12 05:00:00,3.124345,0.79216903
2019-03-12 05:30:00,2.6541471,0.7617409
2019-03-12 06:00:00,2.8290825,0.12092443
2019-03-12 06:30:00,2.3947434,-0.03973629
2019-03-12 07:00:00,2.1734536,-0.3119944
2019-03-12 07:30:00,0.04133249,-1.3928474
2019-03-12 08:00:00,-2.0907843,-1.7251184
2019-03-12 08:30:00,-3.5181437,-2.912046
2019-03-12 09:00:00,-5.1381125,-4.5924125
2019-03-12 09:30:00,-5.549272,-6.090568
2019-03-12 10:00:00,-4.2205896,-6.702538
2019-03-12 10:30:00,-8.970219,-7.1931586
2019-03-12 11:00:00,-6.6315365,-7.888509
2019-03-12 11:30:00,-6.851166,-7.6986914
2019-03-12 12:00:00,-6.651832,-7.0760164
2019-03-12 12:30:00,-6.585173,-6.5814724
2019-03-12 13:00:00,-8.269083,-6.198884
2019-03-12 13:30:00,-7.6818695,-5.516039
2019-03-12 14:00:00,-9.115363,-5.2031283
2019-03-12 14:30:00,-8.284122,-4.468764
2019-03-12 15:00:00,-6.5275025,-4.2835913
2019-03-12 15:30:00,-6.028327,-3.6792543
2019-03-12 16:00:00,-5.3349166,-3.4244342
2019-03-12 16:30:00,-4.3746657,-2.8418436
2019-03-12 17:00:00,-2.879927,-2.3785884
2019-03-12 17:30:00,-2.099108,-1.5194229
2019-03-12 18:00:00,0.4679682,-0.8282759
2019-03-12 18:30:00,2.8868015,-0.26084685
2019-03-12 19:00:00,3.1309733,0.18587472
2019-03-12 19:30:00,4.224873,0.39914668
2019-03-12 20:00:00,3.3611155,0.44635743
2019-03-12 20:30:00,9.677726,0.4423551
2019-03-12 21:00:00,2.53995,0.6506504
2019-03-12 21:30:00,0.70839566,0.30193755
2019-03-12 22:00:00,5.498523,0.5349065
2019-03-12 22:30:00,1.9113368,0.7150895
2019-03-12 23:00:00,1.238043,0.70164937
2019-03-12 23:30:00,1.4063369,1.1892767
2019-03-13 00:00:00,-1.4924597,0.7360929
2019-03-13 00:30:00,-0.5851701,0.4970112
2019-03-13 01:00:00,0.32212391,-0.73351365
2019-03-13 01:30:00,0.36756945,-0.37282002
2019-03-13 02:00:00,0.4130106,0.10371796
2019-03-13 02:30:00,0.45845613,0.7861962
2019-03-13 03:00:00,5.063446,0.4353467
2019-03-13 03:30:00,-0.41703779,0.67829084
2019-03-13 04:00:00,4.799446,0.593294
2019-03-13 04:30:00,2.2031083,0.49457312
2019-03-13 05:00:00,2.458964,0.7077577
2019-03-13 05:30:00,4.097817,0.83885986
2019-03-13 06:00:00,3.357288,0.54080516
2019-03-13 06:30:00,3.64535,0.41934177
2019-03-13 07:00:00,2.837419,0.23728877
2019-03-13 07:30:00,-0.28103322,-0.4891057
2019-03-13 08:00:00,-3.054696,-1.5198511
2019-03-13 08:30:00,-5.7197943,-2.3149009
2019-03-13 09:00:00,-9.155553,-3.7340546
2019-03-13 09:30:00,-9.215661,-4.2003074
2019-03-13 10:00:00,-11.861766,-4.269981
2019-03-13 10:30:00,-12.099537,-5.3369393
2019-03-13 11:00:00,-12.607289,-5.315748
2019-03-13 11:30:00,-15.671845,-5.2666283
2019-03-13 12:00:00,-11.385498,-5.4501185
2019-03-13 12:30:00,-10.082491,-5.6795263
2019-03-13 13:00:00,-9.846717,-6.155527
2019-03-13 13:30:00,-12.821303,-6.568456
2019-03-13 14:00:00,-9.941505,-6.2732983
2019-03-13 14:30:00,-8.850507,-5.705131
2019-03-13 15:00:00,-5.0598707,-5.0102916
2019-03-13 15:30:00,-3.052861,-4.0953116
2019-03-13 16:00:00,-1.0891432,-3.273989
2019-03-13 16:30:00,-0.614886,-2.5373397
2019-03-13 17:00:00,0.12422766,-1.7387944
2019-03-13 17:30:00,1.0435941,-1.1044097
2019-03-13 18:00:00,1.6577752,-0.5566252
2019-03-13 18:30:00,0.550007,0.015361119
2019-03-13 19:00:00,1.3493651,0.72759455
2019-03-13 19:30:00,5.7325497,0.76824254
2019-03-13 20:00:00,5.400903,1.3501691
2019-03-13 20:30:00,2.3638785,1.7533895
2019-03-13 21:00:00,2.3386455,1.546619
2019-03-13 21:30:00,4.6795907,1.6057276
2019-03-13 22:00:00,3.0254931,1.9483845
2019-03-13 22:30:00,0.553734,1.9331136
2019-03-13 23:00:00,-4.9278207,2.0288415
2019-03-13 23:30:00,3.6976597,2.2214684
2019-03-14 00:00:00,6.11897,1.6535587
2019-03-14 00:30:00,1.5432241,1.0508953
2019-03-14 01:00:00,1.854649,0.74997866
2019-03-14 01:30:00,2.1660695,0.53734463
2019-03-14 02:00:00,7.9417286,0.6899046
2019-03-14 02:30:00,3.129846,0.88354945
2019-03-14 03:00:00,1.639035,1.2748635
2019-03-14 03:30:00,0.2901141,1.4402561
2019-03-14 04:00:00,-0.63893044,1.7882787
2019-03-14 04:30:00,-1.567975,1.8893241
2019-03-14 05:00:00,-2.9684715,1.9291856
2019-03-14 05:30:00,1.5081863,1.4158316
2019-03-14 06:00:00,5.9848485,0.6528744
2019-03-14 06:30:00,2.196952,0.5520125
2019-03-14 07:00:00,1.8330818,-0.45355237
2019-03-14 07:30:00,-0.78635645,-0.87996525
2019-03-14 08:00:00,-3.4057903,-1.6742113
2019-03-14 08:30:00,-4.6209483,-2.6131916
2019-03-14 09:00:00,-6.926489,-3.6386237
2019-03-14 09:30:00,-7.9070525,-4.5195446
2019-03-14 10:00:00,-8.069256,-5.45998
2019-03-14 10:30:00,-7.170189,-6.1397405
2019-03-14 11:00:00,-7.6250944,-7.0159554
2019-03-14 11:30:00,-8.616254,-8.413144
2019-03-14 12:00:00,-7.656204,-8.251081
2019-03-14 12:30:00,-8.078191,-8.320803
2019-03-14 13:00:00,-8.906815,-8.225346
2019-03-14 13:30:00,-7.282328,-8.148284
2019-03-14 14:00:00,-5.390582,-7.683303
2019-03-14 14:30:00,-4.369331,-7.6080146
2019-03-14 15:00:00,-4.9036493,-6.5969443
2019-03-14 15:30:00,-5.3175354,-5.6379914
2019-03-14 16:00:00,-4.0546637,-4.366386
2019-03-14 16:30:00,-2.6357636,-3.362381
2019-03-14 17:00:00,-2.4901857,-2.2687914
2019-03-14 17:30:00,-1.2686313,-1.654357
2019-03-14 18:00:00,-0.29197407,-1.1414136
2019-03-14 18:30:00,0.5232841,-0.32936254
2019-03-14 19:00:00,1.1566727,-0.07025178
2019-03-14 19:30:00,1.7900614,0.047899615
2019-03-14 20:00:00,2.4234502,0.005656809
2019-03-14 20:30:00,3.0568388,-0.4322518
2019-03-14 21:00:00,3.6902275,0.13712159
2019-03-14 21:30:00,2.3917594,0.17096652
2019-03-14 22:00:00,3.2064888,0.99560565
2019-03-14 22:30:00,4.0212183,1.6313362
2019-03-14 23:00:00,1.5743731,1.5317371
2019-03-14 23:30:00,1.1877126,1.9441899
2019-03-15 00:00:00,1.7926699,2.6922433
2019-03-15 00:30:00,2.7337258,2.3261142
2019-03-15 01:00:00,6.5395103,2.3797479
2019-03-15 01:30:00,2.927917,1.6261498
2019-03-15 02:00:00,2.7998908,0.9323332
2019-03-15 02:30:00,1.6514702,0.9957673
2019-03-15 03:00:00,2.849924,0.7796028
2019-03-15 03:30:00,3.7273843,1.0623081
2019-03-15 04:00:00,2.1425667,0.8983878
2019-03-15 04:30:00,0.04737966,0.8274559
2019-03-15 05:00:00,1.3559191,0.55612844
2019-03-15 05:30:00,0.60835516,0.38233346
2019-03-15 06:00:00,2.837406,0.55243194
2019-03-15 06:30:00,1.9663949,0.08535799
2019-03-15 07:00:00,1.0034399,-0.5193285
2019-03-15 07:30:00,-1.0434704,-1.9194406
2019-03-15 08:00:00,-2.4105678,-3.2256467
2019-03-15 08:30:00,-5.745482,-4.6019373
2019-03-15 09:00:00,-5.9553804,-5.750227
2019-03-15 09:30:00,-7.50679,-6.894488
2019-03-15 10:00:00,-8.670416,-7.6196938
2019-03-15 10:30:00,-8.987232,-8.079078
2019-03-15 11:00:00,-8.301556,-8.560256
2019-03-15 11:30:00,-4.3588095,-8.922641
2019-03-15 12:00:00,-7.9209557,-8.983356
2019-03-15 12:30:00,-7.8080516,-8.974728
2019-03-15 13:00:00,-7.6605296,-8.572381
2019-03-15 13:30:00,-8.447605,-8.4062805
2019-03-15 14:00:00,-6.1573405,-7.4782143
2019-03-15 14:30:00,-7.0801587,-6.7956095
2019-03-15 15:00:00,-6.4827294,-5.7697053
2019-03-15 15:30:00,-5.3274884,-5.7843647
2019-03-15 16:00:00,-2.6045446,-5.0215516
2019-03-15 16:30:00,-3.9104013,-4.1242414
2019-03-15 17:00:00,-2.2993329,-3.072287
2019-03-15 17:30:00,-1.408494,-1.6757798
2019-03-15 18:00:00,-0.32443392,-0.913098
2019-03-15 18:30:00,0.7596218,0.26343492
2019-03-15 19:00:00,1.8436819,1.0422221
2019-03-15 19:30:00,2.3230557,2.0863202
2019-03-15 20:00:00,2.8024294,2.9395742
2019-03-15 20:30:00,0.38243395,2.7636733
2019-03-15 21:00:00,1.5138097,1.6520863
2019-03-15 21:30:00,2.64519,2.2620027
2019-03-15 22:00:00,0.10915779,2.878421
2019-03-15 22:30:00,-2.4268696,2.2178113
2019-03-15 23:00:00,6.973609,1.7444323
2019-03-15 23:30:00,-2.416025,1.4351921
2019-03-16 00:00:00,3.5000167,0.93793905
2019-03-16 00:30:00,-1.0852894,1.0680974
2019-03-16 01:00:00,-5.6705956,1.4492177
2019-03-16 01:30:00,-1.8656802,1.2000471
2019-03-16 02:00:00,-6.00984,1.3334825
2019-03-16 02:30:00,1.5299544,1.3545034
2019-03-16 03:00:00,-1.6892111,1.1713974
2019-03-16 03:30:00,1.4779155,1.432435
2019-03-16 04:00:00,-3.469596,1.4185493
2019-03-16 04:30:00,6.7318316,1.6728975
2019-03-16 05:00:00,-0.74873203,1.8649912
2019-03-16 05:30:00,0.49630338,2.2773173
2019-03-16 06:00:00,0.465919,1.154156
2019-03-16 06:30:00,0.35987502,0.054095343
2019-03-16 07:00:00,0.41360047,-0.5604833
2019-03-16 07:30:00,0.4673259,-1.6912823
2019-03-16 08:00:00,-3.5697236,-2.7975953
2019-03-16 08:30:00,-5.6045094,-3.807774
2019-03-16 09:00:00,-8.929343,-4.720657
2019-03-16 09:30:00,-13.333854,-5.9146757
2019-03-16 10:00:00,-11.935546,-7.077262
2019-03-16 10:30:00,-5.96962,-8.083028
2019-03-16 11:00:00,-9.987501,-8.278246
2019-03-16 11:30:00,-11.300537,-7.7723413
2019-03-16 12:00:00,-8.855383,-7.487534
2019-03-16 12:30:00,-11.74884,-7.7498345
2019-03-16 13:00:00,-9.445196,-7.579644
2019-03-16 13:30:00,-6.4538703,-6.861914
2019-03-16 14:00:00,-5.025882,-5.9951243
2019-03-16 14:30:00,-5.886537,-5.8208265
2019-03-16 15:00:00,-6.1415277,-5.2917647
2019-03-16 15:30:00,-6.1298966,-4.630098
2019-03-16 16:00:00,-5.380511,-3.9072118
2019-03-16 16:30:00,-4.3540688,-3.3806665
2019-03-16 17:00:00,-4.064399,-2.1365707
2019-03-16 17:30:00,-2.0279357,-0.7902714
2019-03-16 18:00:00,-0.9138626,-0.23899141
2019-03-16 18:30:00,0.20020616,0.98329717
2019-03-16 19:00:00,1.4774611,1.3223494
2019-03-16 19:30:00,1.0687485,1.8081286
2019-03-16 20:00:00,0.6600357,2.2280967
2019-03-16 20:30:00,0.7673381,2.0901785
2019-03-16 21:00:00,-0.4438393,1.6884522
2019-03-16 21:30:00,-1.6550167,2.4188972
2019-03-16 22:00:00,1.3778445,2.353912
2019-03-16 22:30:00,-2.6217904,1.8674074
2019-03-16 23:00:00,-1.7125173,2.9294243
2019-03-16 23:30:00,-1.0396603,2.4029622
2019-03-17 00:00:00,-0.36680782,2.2826478
2019-03-17 00:30:00,-2.7699723,1.7369913
2019-03-17 01:00:00,8.528064,0.38039348
2019-03-17 01:30:00,-0.5661809,0.03934007
2019-03-17 02:00:00,-1.2406458,-0.5881631
2019-03-17 02:30:00,-1.9151149,-0.9546155
2019-03-17 03:00:00,-5.722783,-0.90116966
2019-03-17 03:30:00,-9.530451,-0.46895868
2019-03-17 04:00:00,-13.338119,-1.7843012
2019-03-17 04:30:00,-17.145784,0.33066598
2019-03-17 05:00:00,-7.855284,-0.31271973
2019-03-17 05:30:00,1.4352139,-0.2765765
2019-03-17 06:00:00,0.18476054,0.23579445
2019-03-17 06:30:00,-1.0656929,-0.28520158
2019-03-17 07:00:00,-2.3161504,-0.92108077
2019-03-17 07:30:00,-3.566604,-1.3777469
2019-03-17 08:00:00,-3.048413,-1.8805666
2019-03-17 08:30:00,-9.100053,-2.832987
2019-03-17 09:00:00,-12.124359,-3.6288059
2019-03-17 09:30:00,-11.078574,-5.1694627
2019-03-17 10:00:00,-10.577472,-5.583864
2019-03-17 10:30:00,-5.9949365,-6.103449
2019-03-17 11:00:00,-8.399704,-6.571541
2019-03-17 11:30:00,-9.49325,-6.7217503
2019-03-17 12:00:00,-10.767835,-7.3111176
2019-03-17 12:30:00,-11.771067,-7.6063848
2019-03-17 13:00:00,-11.234879,-7.708505
2019-03-17 13:30:00,-9.713954,-7.132556
2019-03-17 14:00:00,-9.561905,-7.355637
2019-03-17 14:30:00,-9.313932,-6.6764574
2019-03-17 15:00:00,-6.8403864,-6.2399907
2019-03-17 15:30:00,-8.584623,-6.000324
2019-03-17 16:00:00,-6.077115,-4.7417955
2019-03-17 16:30:00,-4.518111,-3.842161
2019-03-17 17:00:00,-3.1257198,-2.8068147
2019-03-17 17:30:00,-0.88359183,-1.6287963
2019-03-17 18:00:00,1.3585364,-0.63612974
2019-03-17 18:30:00,2.8892045,0.16914013
2019-03-17 19:00:00,0.98471725,0.5598948
2019-03-17 19:30:00,-5.492523,1.0631557
2019-03-17 20:00:00,-2.628327,1.3612322
2019-03-17 20:30:00,-0.9543664,1.2875651
2019-03-17 21:00:00,0.71959865,0.9646008
2019-03-17 21:30:00,2.3935595,0.96014404
2019-03-17 22:00:00,3.4040267,0.96706945
2019-03-17 22:30:00,4.4144983,0.887329
2019-03-17 23:00:00,10.43821,1.2967408
2019-03-17 23:30:00,6.8756437,0.6791778
2019-03-18 00:00:00,3.974086,0.8917332
2019-03-18 00:30:00,3.8533087,0.6028935
2019-03-18 01:00:00,5.7875857,0.8800322
2019-03-18 01:30:00,1.6132952,0.2722741
2019-03-18 02:00:00,2.3354733,0.14799252
2019-03-18 02:30:00,4.301778,-0.4496724
2019-03-18 03:00:00,3.6771586,-0.9579143
2019-03-18 03:30:00,4.2635813,-1.6412839
2019-03-18 04:00:00,4.0810127,-1.0900345
2019-03-18 04:30:00,2.3917594,-1.8567755
2019-03-18 05:00:00,2.2297745,0.6979485
2019-03-18 05:30:00,2.0677898,1.827227
2019-03-18 06:00:00,0.4035903,0.8035293
2019-03-18 06:30:00,19.99764,-0.16470385
2019-03-18 07:00:00,15.269519,-1.0436671
2019-03-18 07:30:00,10.541396,-1.3807312
2019-03-18 08:00:00,5.8132734,-1.5956591
2019-03-18 08:30:00,1.085151,-2.8460295
2019-03-18 09:00:00,-3.6429713,-4.1111026
2019-03-18 09:30:00,1.8045894,-4.4887886
2019-03-18 10:00:00,-1.6104014,-4.5206237
2019-03-18 10:30:00,-8.190409,-4.8806534
2019-03-18 11:00:00,-14.770415,-6.1905603
2019-03-18 11:30:00,-10.455921,-6.5249114
2019-03-18 12:00:00,-14.356993,-7.4922533
2019-03-18 12:30:00,-14.367456,-8.0898
2019-03-18 13:00:00,-15.038518,-8.282615
2019-03-18 13:30:00,-14.015509,-8.37081
2019-03-18 14:00:00,-11.702171,-8.233023
2019-03-18 14:30:00,-8.127852,-7.813282
2019-03-18 15:00:00,-6.0693984,-7.0838375
2019-03-18 15:30:00,-3.6542356,-6.064151
2019-03-18 16:00:00,-4.9669914,-6.224471
2019-03-18 16:30:00,-8.209761,-4.900298
2019-03-18 17:00:00,-5.6845818,-4.236686
2019-03-18 17:30:00,-4.5428376,-3.124763
2019-03-18 18:00:00,0.54992396,-2.027582
2019-03-18 18:30:00,1.4751322,-1.0340283
2019-03-18 19:00:00,2.654833,-0.611373
2019-03-18 19:30:00,1.4306173,-0.52759963
2019-03-18 20:00:00,1.8277862,-0.41676688
2019-03-18 20:30:00,2.9969876,-0.61626667
2019-03-18 21:00:00,2.0168958,-0.24515656
2019-03-18 21:30:00,1.8703873,-0.1904655
2019-03-18 22:00:00,2.3882637,-1.2284334
2019-03-18 22:30:00,2.0622234,-0.9784415
2019-03-18 23:00:00,2.4313543,-1.568377
2019-03-18 23:30:00,2.3485072,-1.5549326
2019-03-19 00:00:00,2.534484,-2.0742552
2019-03-19 00:30:00,1.9054644,-2.0962198
2019-03-19 01:00:00,1.2764407,-1.6106898
2019-03-19 01:30:00,1.4577991,-0.24890108
2019-03-19 02:00:00,0.86177266,0.9459655
2019-03-19 02:30:00,0.26575068,0.7033753
2019-03-19 03:00:00,-0.33027574,0.43438542
2019-03-19 03:30:00,-0.92630213,0.66284525
2019-03-19 04:00:00,-1.5223242,1.7175958
2019-03-19 04:30:00,-2.1183505,1.2247471
2019-03-19 05:00:00,8.484773,0.941452
2019-03-19 05:30:00,8.99013,-0.12290236
2019-03-19 06:00:00,9.495489,-1.4806887
2019-03-19 06:30:00,10.000847,-2.4078717
2019-03-19 07:00:00,10.506206,-3.7267535
2019-03-19 07:30:00,6.519359,-5.750244
2019-03-19 08:00:00,2.5325134,-6.6864505
2019-03-19 08:30:00,-1.4543328,-7.759998
2019-03-19 09:00:00,-2.8948917,-7.920938
2019-03-19 09:30:00,-6.840723,-7.9319487
2019-03-19 10:00:00,-10.4270525,-6.3513346
2019-03-19 10:30:00,-14.231002,-6.906119
2019-03-19 11:00:00,-10.045828,-8.351423
2019-03-19 11:30:00,-15.455547,-8.252671
2019-03-19 12:00:00,-14.874191,-9.333743
2019-03-19 12:30:00,-14.815703,-10.746583
2019-03-19 13:00:00,-13.4217,-10.972674
2019-03-19 13:30:00,-11.883394,-10.197321
2019-03-19 14:00:00,-12.58179,-9.564029
2019-03-19 14:30:00,-11.481987,-8.789756
2019-03-19 15:00:00,-10.952803,-7.8036695
2019-03-19 15:30:00,-10.033851,-6.9966516
2019-03-19 16:00:00,-8.925197,-6.8811436
2019-03-19 16:30:00,-7.4396334,-6.4182906
2019-03-19 17:00:00,-4.182795,-5.746539
2019-03-19 17:30:00,0.1895406,-5.274366
2019-03-19 18:00:00,4.5030036,-4.592718
2019-03-19 18:30:00,3.977267,-3.4535036
2019-03-19 19:00:00,3.9825976,-3.1822417
2019-03-19 19:30:00,4.3152795,-2.2138119
2019-03-19 20:00:00,3.9794648,-1.8267319
2019-03-19 20:30:00,4.1612773,-1.2348957
2019-03-19 21:00:00,4.4654713,-0.45833242
2019-03-19 21:30:00,4.485382,-1.0380131
2019-03-19 22:00:00,4.0884447,-1.53569
2019-03-19 22:30:00,2.783803,-1.032167
2019-03-19 23:00:00,3.714486,-0.9118396
2019-03-19 23:30:00,3.7572925,0.22501966
2019-03-20 00:00:00,3.779541,0.90564525
2019-03-20 00:30:00,4.052175,1.3989134
2019-03-20 01:00:00,3.2245822,1.1083958
2019-03-20 01:30:00,3.5008907,0.9713558
2019-03-20 02:00:00,3.5401492,0.9049112
2019-03-20 02:30:00,3.106033,1.2786211
2019-03-20 03:00:00,3.7964067,1.9852136
2019-03-20 03:30:00,3.0426822,2.8941724
2019-03-20 04:00:00,4.0630064,3.7307312
2019-03-20 04:30:00,3.888128,4.309158
2019-03-20 05:00:00,4.232,3.6191294
2019-03-20 05:30:00,4.3334427,2.5349994
2019-03-20 06:00:00,3.6186488,2.729186
2019-03-20 06:30:00,4.55551,2.6799
2019-03-20 07:00:00,2.7537374,2.8752968
2019-03-20 07:30:00,0.9519646,1.77223
2019-03-20 08:00:00,-0.84980804,1.0210396
2019-03-20 08:30:00,-0.12914616,-0.46416986
2019-03-20 09:00:00,0.5915201,-0.11731397
2019-03-20 09:30:00,1.3121864,-1.0734223
2019-03-20 10:00:00,2.0328481,-2.6499028
2019-03-20 10:30:00,2.7535145,-3.45138
2019-03-20 11:00:00,-2.8712537,-3.6258
2019-03-20 11:30:00,-0.7652176,-4.1779623
2019-03-20 12:00:00,-5.9372215,-4.978496
2019-03-20 12:30:00,-8.034279,-5.5546594
2019-03-20 13:00:00,-5.123628,-6.411496
2019-03-20 13:30:00,-3.252505,-6.321147
2019-03-20 14:00:00,-0.9986672,-4.7927685
2019-03-20 14:30:00,-2.1302264,-3.4351742
2019-03-20 15:00:00,-2.6081407,-3.4986563
2019-03-20 15:30:00,-2.988505,-3.2136047
2019-03-20 16:00:00,-7.63922,-3.582705
2019-03-20 16:30:00,-3.875805,-3.2863455
2019-03-20 17:00:00,-2.3783832,-1.6274331
2019-03-20 17:30:00,-0.6372133,-0.29727408
2019-03-20 18:00:00,1.3413386,2.4285622
2019-03-20 18:30:00,2.0297723,4.04826
2019-03-20 19:00:00,2.7182105,4.7639713
2019-03-20 19:30:00,4.227661,5.6032257
2019-03-20 20:00:00,5.737111,5.388953
2019-03-20 20:30:00,7.2465615,3.587915
2019-03-20 21:00:00,8.756012,3.3206947
2019-03-20 21:30:00,10.265464,2.9715054
2019-03-20 22:00:00,11.774914,3.313957
2019-03-20 22:30:00,13.284365,3.3463995
2019-03-20 23:00:00,14.793815,3.395629
2019-03-20 23:30:00,16.303267,3.807457
2019-03-21 00:00:00,17.812716,3.9799716
2019-03-21 00:30:00,19.322166,3.9584875
2019-03-21 01:00:00,20.831615,3.8912477
2019-03-21 01:30:00,11.403227,3.7861345
2019-03-21 02:00:00,6.430897,3.129134
2019-03-21 02:30:00,-7.924604,2.943297
2019-03-21 03:00:00,-10.749768,3.0226967
2019-03-21 03:30:00,-13.574932,4.2489047
2019-03-21 04:00:00,6.5100656,4.389523
2019-03-21 04:30:00,4.6570797,4.5438833
2019-03-21 05:00:00,2.804094,4.3344216
2019-03-21 05:30:00,0.95110387,4.0291443
2019-03-21 06:00:00,-4.304778,3.4230072
2019-03-21 06:30:00,6.28639,1.7219433
2019-03-21 07:00:00,16.87756,0.74545205
2019-03-21 07:30:00,11.648824,0.25013027
2019-03-21 08:00:00,6.420083,-1.0233103
2019-03-21 08:30:00,1.1913478,-1.2945154
2019-03-21 09:00:00,2.7468295,-2.0014925
2019-03-21 09:30:00,0.96536976,-2.9266176
2019-03-21 10:00:00,-0.81608546,-2.7581139
2019-03-21 10:30:00,-2.7554529,-2.9700184
2019-03-21 11:00:00,-7.7898884,-4.6518397
2019-03-21 11:30:00,-14.141621,-4.6852217
2019-03-21 12:00:00,-12.004293,-7.200333
2019-03-21 12:30:00,-15.617834,-7.0656567
2019-03-21 13:00:00,-11.044022,-8.700761
2019-03-21 13:30:00,-5.2799635,-6.492666
2019-03-21 14:00:00,-3.4630854,-4.6513457
2019-03-21 14:30:00,-1.6462038,-4.667425
2019-03-21 15:00:00,-2.1256998,-3.9245012
2019-03-21 15:30:00,-1.4659728,-4.0612617
2019-03-21 16:00:00,9.1168585,-4.6272798
2019-03-21 16:30:00,19.69969,-3.6487782
2019-03-21 17:00:00,30.282526,-2.3729432
2019-03-21 17:30:00,5.844715,-1.0202867
2019-03-21 18:00:00,2.4154017,-0.14911404
2019-03-21 18:30:00,19.16344,0.1533668
2019-03-21 19:00:00,18.891113,1.3527819
2019-03-21 19:30:00,18.618784,1.9684092
2019-03-21 20:00:00,18.346457,3.1512647
2019-03-21 20:30:00,18.07413,3.9457684
2019-03-21 21:00:00,17.801805,4.196455
2019-03-21 21:30:00,17.529478,4.464147
2019-03-21 22:00:00,17.25715,4.6372604
2019-03-21 22:30:00,16.984821,3.2090404
2019-03-21 23:00:00,16.712494,3.006329
2019-03-21 23:30:00,0.55227464,2.5322642
2019-03-22 00:00:00,4.4347196,4.0160975
2019-03-22 00:30:00,1.7910838,5.2355456
2019-03-22 01:00:00,1.7864785,5.1684895
2019-03-22 01:30:00,1.7818732,5.2937236
2019-03-22 02:00:00,6.5119224,5.0503597
2019-03-22 02:30:00,3.5379472,3.4055996
2019-03-22 03:00:00,3.017541,2.1609137
2019-03-22 03:30:00,1.1769989,2.2444818
2019-03-22 04:00:00,3.640395,4.325272
2019-03-22 04:30:00,4.053123,5.865736
2019-03-22 05:00:00,3.6073978,7.421436
2019-03-22 05:30:00,3.507305,7.6227536
2019-03-22 06:00:00,3.8217227,7.7321095
2019-03-22 06:30:00,3.1266913,7.816167
2019-03-22 07:00:00,2.8390226,4.099779
2019-03-22 07:30:00,1.9784019,2.9236786
2019-03-22 08:00:00,0.3811319,1.3102419
2019-03-22 08:30:00,-0.9327294,0.4110444
2019-03-22 09:00:00,-2.805849,-0.02006551
2019-03-22 09:30:00,-4.9678526,-0.801387
2019-03-22 10:00:00,-5.190466,-1.6004087
2019-03-22 10:30:00,-7.587767,-2.4236495
2019-03-22 11:00:00,-10.701898,-4.2913947
2019-03-22 11:30:00,-8.11613,-5.402803
2019-03-22 12:00:00,-11.746686,-5.1007986
2019-03-22 12:30:00,-13.172265,-6.1334796
2019-03-22 13:00:00,-16.551117,-6.7229824
2019-03-22 13:30:00,-18.484877,-5.2461534
2019-03-22 14:00:00,-18.750153,-2.7923958
2019-03-22 14:30:00,-18.80062,-1.2822157
2019-03-22 15:00:00,-16.183035,-0.9886308
2019-03-22 15:30:00,-10.870519,0.802922
2019-03-22 16:00:00,-5.753084,2.0669553
2019-03-22 16:30:00,-4.3040442,4.6021614
2019-03-22 17:00:00,-2.1971648,6.3869023
2019-03-22 17:30:00,-1.0425485,6.544889
2019-03-22 18:00:00,1.1139842,6.504962
2019-03-22 18:30:00,1.2765675,7.450099
2019-03-22 19:00:00,2.727303,8.009977
2019-03-22 19:30:00,1.3758957,9.116584
2019-03-22 20:00:00,1.9914443,9.68861
2019-03-22 20:30:00,3.0414848,9.6432295
2019-03-22 21:00:00,2.199307,10.217829
2019-03-22 21:30:00,4.7856255,11.096674
2019-03-22 22:00:00,-0.88144207,11.677124
2019-03-22 22:30:00,3.7693868,11.68318
2019-03-22 23:00:00,7.040818,11.863485
2019-03-22 23:30:00,2.5013947,10.590464
2019-03-23 00:00:00,1.5189611,11.559912
2019-03-23 00:30:00,0.5365276,11.380288
2019-03-23 01:00:00,0.9228998,11.841629
2019-03-23 01:30:00,4.859105,11.2374325
2019-03-23 02:00:00,1.6503428,12.406114
2019-03-23 02:30:00,0.81031054,12.525829
2019-03-23 03:00:00,1.1773047,13.372852
2019-03-23 03:30:00,-0.3467438,13.790863
2019-03-23 04:00:00,-1.870788,15.726857
2019-03-23 04:30:00,1.6193424,17.571712
2019-03-23 05:00:00,3.6379132,16.889492
2019-03-23 05:30:00,1.9035113,15.606364
2019-03-23 06:00:00,0.16910955,12.450908
2019-03-23 06:30:00,-1.5652922,9.718697
2019-03-23 07:00:00,2.3392792,8.118333
2019-03-23 07:30:00,-1.2390771,6.258671
2019-03-23 08:00:00,-4.817429,4.8531146
2019-03-23 08:30:00,-6.1974335,3.8480742
2019-03-23 09:00:00,-10.5430765,1.0386524
2019-03-23 09:30:00,-10.55999,-2.3382027
2019-03-23 10:00:00,-8.447815,-4.2253304
2019-03-23 10:30:00,-7.546241,-7.2539144
2019-03-23 11:00:00,-12.660744,-8.939226
2019-03-23 11:30:00,-14.670036,-10.345853
2019-03-23 12:00:00,-11.09197,-9.612813
2019-03-23 12:30:00,-11.790043,-8.953125
2019-03-23 13:00:00,-13.0160675,-7.1967063
2019-03-23 13:30:00,-16.095789,-9.549658
2019-03-23 14:00:00,-13.394586,-10.448855
2019-03-23 14:30:00,-9.662173,-10.306585
2019-03-23 15:00:00,-9.937197,-9.267761
2019-03-23 15:30:00,-8.569785,-7.8753176
2019-03-23 16:00:00,-6.5957866,-4.8296413
2019-03-23 16:30:00,-5.357008,-3.0956194
2019-03-23 17:00:00,-4.3921432,0.1714122
2019-03-23 17:30:00,-1.2225741,3.6863606
2019-03-23 18:00:00,0.3031129,4.80056
2019-03-23 18:30:00,-0.3035266,7.009787
2019-03-23 19:00:00,-0.53440267,6.5467243
2019-03-23 19:30:00,-0.76527876,6.0747213
2019-03-23 20:00:00,-0.9961548,6.7526426
2019-03-23 20:30:00,-1.2270353,6.134673
2019-03-23 21:00:00,3.208398,4.947641
2019-03-23 21:30:00,8.398478,5.2028103
2019-03-23 22:00:00,13.588563,4.2530904
2019-03-23 22:30:00,-13.970537,4.9098024
2019-03-23 23:00:00,8.390289,6.590173
2019-03-23 23:30:00,6.900409,7.874244
2019-03-24 00:00:00,-34.717358,9.07677
2019-03-24 00:30:00,-9.928209,7.8186617
2019-03-24 01:00:00,14.860937,6.851918
2019-03-24 01:30:00,9.294543,5.441892
2019-03-24 02:00:00,3.728149,4.7789493
2019-03-24 02:30:00,-1.8382494,5.9211655
2019-03-24 03:00:00,0.4704194,7.235791
2019-03-24 03:30:00,-1.0896543,7.970741
2019-03-24 04:00:00,-2.649728,7.9364414
2019-03-24 04:30:00,-4.2098017,6.8612514
2019-03-24 05:00:00,-4.6394877,9.0548315
2019-03-24 05:30:00,-5.0691776,8.071467
2019-03-24 06:00:00,-5.4988627,9.951382
2019-03-24 06:30:00,-5.9285526,5.514926
2019-03-24 07:00:00,-6.358238,0.4275212
2019-03-24 07:30:00,-6.787928,-1.5828876
2019-03-24 08:00:00,-7.2176137,-4.2272444
2019-03-24 08:30:00,-8.460115,-5.5554023
2019-03-24 09:00:00,-9.702616,-8.760936
2019-03-24 09:30:00,-11.347039,-10.867819
2019-03-24 10:00:00,-10.926084,-12.582305
2019-03-24 10:30:00,-11.965411,-13.3609
2019-03-24 11:00:00,-12.243178,-14.894046
2019-03-24 11:30:00,-13.1418085,-15.442232
2019-03-24 12:00:00,-14.0370035,-14.58567
2019-03-24 12:30:00,-14.982643,-14.20289
2019-03-24 13:00:00,-12.120033,-15.095122
2019-03-24 13:30:00,-12.486385,-14.683865
2019-03-24 14:00:00,-11.944547,-14.939955
2019-03-24 14:30:00,-11.9389715,-12.338408
2019-03-24 15:00:00,-10.886061,-11.223326
2019-03-24 15:30:00,-8.102925,-10.299131
2019-03-24 16:00:00,-6.491783,-8.536556
2019-03-24 16:30:00,-6.56843,-6.5262613
2019-03-24 17:00:00,-3.4250197,-4.8614283
2019-03-24 17:30:00,-0.88938993,-3.2514389
2019-03-24 18:00:00,0.8520815,-1.632082
2019-03-24 18:30:00,-2.0513337,-0.9037214
2019-03-24 19:00:00,-6.0709496,0.118831515
2019-03-24 19:30:00,-2.6022508,0.38216305
2019-03-24 20:00:00,0.86644787,0.5878717
2019-03-24 20:30:00,1.9189439,1.1727475
2019-03-24 21:00:00,0.44877803,0.43277752
2019-03-24 21:30:00,1.254983,-0.32602
2019-03-24 22:00:00,0.43508014,0.5667197
2019-03-24 22:30:00,2.728701,-1.1983461
2019-03-24 23:00:00,3.591358,-0.4271222
2019-03-24 23:30:00,3.2516503,-0.52103686
2019-03-25 00:00:00,3.071371,-3.7283876
2019-03-25 00:30:00,1.4089892,-3.2929606
2019-03-25 01:00:00,1.370268,0.14239974
2019-03-25 01:30:00,1.7995603,0.804661
2019-03-25 02:00:00,2.0915284,-0.35875073
2019-03-25 02:30:00,1.2381915,-1.4306597
2019-03-25 03:00:00,0.38485894,-1.8060124
2019-03-25 03:30:00,0.078174785,-0.8484885
2019-03-25 04:00:00,-0.22850937,-0.8986529
2019-03-25 04:30:00,4.0365896,-1.3532175
2019-03-25 05:00:00,2.543725,-0.03234773
2019-03-25 05:30:00,1.7219652,0.714871
2019-03-25 06:00:00,1.2698649,-0.7877284
2019-03-25 06:30:00,0.81776905,-4.3767805
2019-03-25 07:00:00,0.36567315,-5.2521963
2019-03-25 07:30:00,-2.0747619,-4.7818584
2019-03-25 08:00:00,-5.4704447,-5.072446
2019-03-25 08:30:00,-9.591425,-7.405771
2019-03-25 09:00:00,-11.402622,-8.184126
2019-03-25 09:30:00,-11.692961,-10.642671
2019-03-25 10:00:00,-12.16557,-11.492442
2019-03-25 10:30:00,-14.715575,-11.603485
2019-03-25 11:00:00,-12.836055,-11.450921
2019-03-25 11:30:00,-13.61303,-12.110298
2019-03-25 12:00:00,-14.1115465,-13.389419
2019-03-25 12:30:00,-13.034436,-13.829927
2019-03-25 13:00:00,-13.438113,-13.859702
2019-03-25 13:30:00,-11.663179,-13.37455
2019-03-25 14:00:00,-12.597856,-12.7708025
2019-03-25 14:30:00,-12.465923,-12.534583
2019-03-25 15:00:00,-11.998116,-10.640841
2019-03-25 15:30:00,-10.582881,-10.80248
2019-03-25 16:00:00,-8.711566,-9.092534
2019-03-25 16:30:00,-7.281546,-6.8662357
2019-03-25 17:00:00,-4.263746,-5.5819635
2019-03-25 17:30:00,-3.5262005,-3.8630507
2019-03-25 18:00:00,-0.8649609,-2.4589932
2019-03-25 18:30:00,2.6468065,-2.020438
2019-03-25 19:00:00,6.1585693,-1.3931096
2019-03-25 19:30:00,-6.04469,-0.049763933
2019-03-25 20:00:00,-1.662947,0.45847797
2019-03-25 20:30:00,-6.4171896,0.85043424
2019-03-25 21:00:00,-3.5403836,0.32065144
2019-03-25 21:30:00,-0.6635779,0.86177266
2019-03-25 22:00:00,2.2132323,0.6547314
2019-03-25 22:30:00,1.704195,0.6591444
2019-03-25 23:00:00,3.1136882,0.91805416
2019-03-25 23:30:00,2.5024652,1.2790318
2019-03-26 00:00:00,2.4528732,1.1315577
2019-03-26 00:30:00,1.9745656,3.6258407
2019-03-26 01:00:00,2.420623,2.875725
2019-03-26 01:30:00,-4.054026,-0.24613966
2019-03-26 02:00:00,19.59888,0.46434602
2019-03-26 02:30:00,14.47383,1.4516515
2019-03-26 03:00:00,9.34878,1.157315
2019-03-26 03:30:00,4.223724,-0.71779275
2019-03-26 04:00:00,-0.90132695,1.1483229
2019-03-26 04:30:00,-6.026378,1.839732
2019-03-26 05:00:00,-3.0130563,1.2021357
2019-03-26 05:30:00,0.0002694098,0.94240886
2019-03-26 06:00:00,3.0135953,0.51520956
2019-03-26 06:30:00,6.026921,-0.96688455
2019-03-26 07:00:00,9.040247,-1.690937
2019-03-26 07:30:00,21.225351,-2.8811283
2019-03-26 08:00:00,-9.104536,-5.2741694
2019-03-26 08:30:00,-8.967496,-7.894346
2019-03-26 09:00:00,-11.861001,-10.204015
2019-03-26 09:30:00,-10.638306,-10.823653
2019-03-26 10:00:00,-8.961269,-11.75483
2019-03-26 10:30:00,-9.7867775,-12.054484
2019-03-26 11:00:00,-17.5452,-11.524636
2019-03-26 11:30:00,-15.055154,-12.659109
2019-03-26 12:00:00,-16.071985,-13.455453
2019-03-26 12:30:00,-13.104179,-13.519573
2019-03-26 13:00:00,-14.088948,-13.539532
2019-03-26 13:30:00,-12.761693,-12.512837
2019-03-26 14:00:00,-11.886208,-12.951436
2019-03-26 14:30:00,-13.65263,-11.910855
2019-03-26 15:00:00,-10.388096,-10.430531
2019-03-26 15:30:00,-7.0685406,-9.281896
2019-03-26 16:00:00,-8.274182,-8.645624
2019-03-26 16:30:00,-6.175792,-6.4101853
2019-03-26 17:00:00,-2.263404,-4.80689
2019-03-26 17:30:00,-3.3073273,-4.223076
2019-03-26 18:00:00,0.4892862,-2.9824317
2019-03-26 18:30:00,3.3419952,-2.098208
2019-03-26 19:00:00,3.6720815,-1.8457254
2019-03-26 19:30:00,4.266714,-2.4444737
2019-03-26 20:00:00,2.9013689,-2.303864
2019-03-26 20:30:00,2.8610616,-2.070943
2019-03-26 21:00:00,2.8207588,-0.99365556
2019-03-26 21:30:00,2.780456,-2.0478904
2019-03-26 22:00:00,3.2985246,-2.785715
2019-03-26 22:30:00,4.625131,-2.4239423
2019-03-26 23:00:00,2.533182,-2.050949
2019-03-26 23:30:00,2.548658,-2.3480904
2019-03-27 00:00:00,3.050739,-1.6359271
2019-03-27 00:30:00,1.9785417,-0.72889525
2019-03-27 01:00:00,1.1132109,-0.5692482
2019-03-27 01:30:00,0.24788006,-0.21250446
2019-03-27 02:00:00,-2.8704584,1.6712109
2019-03-27 02:30:00,-0.79639286,2.0356796
2019-03-27 03:00:00,-2.4002428,2.857693
2019-03-27 03:30:00,-4.0040975,2.9289699
2019-03-27 04:00:00,-3.3927171,3.518993
2019-03-27 04:30:00,-2.781337,2.3454442
2019-03-27 05:00:00,-2.1699612,1.8518394
2019-03-27 05:30:00,-1.558581,2.043763
2019-03-27 06:00:00,-5.2047143,2.3551748
2019-03-27 06:30:00,-1.5488155,1.3903888
2019-03-27 07:00:00,6.7131786,0.9349941
2019-03-27 07:30:00,4.5753555,-0.24662903
2019-03-27 08:00:00,2.437537,-1.828152
2019-03-27 08:30:00,-2.8925498,-3.1930776
2019-03-27 09:00:00,-0.611089,-5.0058875
2019-03-27 09:30:00,-2.8008156,-7.009594
2019-03-27 10:00:00,-9.684566,-8.503105
2019-03-27 10:30:00,-10.540472,-9.929812
2019-03-27 11:00:00,-10.045723,-12.05832
2019-03-27 11:30:00,-4.284723,-13.254568
2019-03-27 12:00:00,-0.90425,-12.834342
2019-03-27 12:30:00,-5.4557986,-13.348487
2019-03-27 13:00:00,-1.3353688,-12.103569
2019-03-27 13:30:00,-3.3789668,-12.581597
2019-03-27 14:00:00,-0.1818011,-12.232985
2019-03-27 14:30:00,0.5748904,-12.392545
2019-03-27 15:00:00,0.27673957,-10.981277
2019-03-27 15:30:00,-1.3169214,-9.852545
2019-03-27 16:00:00,-0.6420764,-8.348229
2019-03-27 16:30:00,-1.7064046,-7.4224486
2019-03-27 17:00:00,0.045098864,-5.4625363
2019-03-27 17:30:00,0.40348545,-4.2781644
2019-03-27 18:00:00,0.7618764,-2.80643
2019-03-27 18:30:00,1.1257291,-0.94489807
2019-03-27 19:00:00,2.4349241,0.23166543
2019-03-27 19:30:00,-1.6787161,1.6443788
2019-03-27 20:00:00,-14.415237,2.6496248
2019-03-27 20:30:00,-9.888269,3.0220325
2019-03-27 21:00:00,1.867521,2.940894
2019-03-27 21:30:00,-2.7550247,2.370013
2019-03-27 22:00:00,-2.3224905,1.8726244
2019-03-27 22:30:00,-1.8899606,3.0941179
2019-03-27 23:00:00,-3.1959176,2.8137374
2019-03-27 23:30:00,12.019331,3.3446605
2019-03-28 00:00:00,27.234577,2.972305
2019-03-28 00:30:00,20.064486,3.6167307
2019-03-28 01:00:00,12.894392,3.3251557
2019-03-28 01:30:00,5.7243004,4.2631617
2019-03-28 02:00:00,-1.4457908,3.696624
2019-03-28 02:30:00,7.868721,2.5607786
2019-03-28 03:00:00,16.386667,2.8299344
2019-03-28 03:30:00,24.904608,2.845769
2019-03-28 04:00:00,18.376492,3.1735787
2019-03-28 04:30:00,11.848375,2.813829
2019-03-28 05:00:00,5.320254,3.7662365
2019-03-28 05:30:00,5.400921,3.0970366
2019-03-28 06:00:00,10.283478,2.896484
2019-03-28 06:30:00,19.216433,1.869566
2019-03-28 07:00:00,27.724215,0.31053203
2019-03-28 07:30:00,12.826418,-1.3741597
2019-03-28 08:00:00,-2.0713801,-1.768624
2019-03-28 08:30:00,-4.6341524,-2.2812834
2019-03-28 09:00:00,-7.0774627,-2.634942
2019-03-28 09:30:00,-6.730052,-3.269244
2019-03-28 10:00:00,-9.780691,-5.0593987
2019-03-28 10:30:00,-7.1754932,-5.4353023
2019-03-28 11:00:00,-4.302873,-5.3244824
2019-03-28 11:30:00,-8.7055235,-6.7727623
2019-03-28 12:00:00,-12.150234,-7.2352614
2019-03-28 12:30:00,-18.365963,-6.553028
2019-03-28 13:00:00,-18.285414,-7.3601985
2019-03-28 13:30:00,-15.228823,-7.9433703
2019-03-28 14:00:00,-17.43263,-8.018077
2019-03-28 14:30:00,-14.770961,-8.950691
2019-03-28 15:00:00,-15.318173,-9.020221
2019-03-28 15:30:00,-13.554914,-8.165399
2019-03-28 16:00:00,-14.093726,-6.7123384
2019-03-28 16:30:00,-10.193061,-4.4521475
2019-03-28 17:00:00,-6.4027705,-1.7345037
2019-03-28 17:30:00,-1.440836,0.14815855
2019-03-28 18:00:00,0.61149675,0.55078036
2019-03-28 18:30:00,2.6638339,1.3573085
2019-03-28 19:00:00,3.6225986,0.58774936
2019-03-28 19:30:00,3.1975403,0.50545716
2019-03-28 20:00:00,3.905719,-0.6213482
2019-03-28 20:30:00,3.5326777,0.48836428
2019-03-28 21:00:00,3.4034586,1.8099899
2019-03-28 21:30:00,1.3820302,1.8310764
2019-03-28 22:00:00,2.8118672,3.23596
2019-03-28 22:30:00,3.2576232,3.3909886
2019-03-28 23:00:00,2.9883492,2.572602
2019-03-28 23:30:00,4.0330286,1.2152743
2019-03-29 00:00:00,3.71231,0.5396997
2019-03-29 00:30:00,2.8718538,-0.7396526
2019-03-29 01:00:00,1.4904512,0.30175403
2019-03-29 01:30:00,2.7309775,1.3562424
2019-03-29 02:00:00,1.5118741,1.8295995
2019-03-29 02:30:00,3.9792726,0.61378187
2019-03-29 03:00:00,3.2599869,0.2054581
2019-03-29 03:30:00,2.0020707,0.51107174
2019-03-29 04:00:00,3.161432,1.5917894
2019-03-29 04:30:00,2.3281853,3.4492145
2019-03-29 05:00:00,3.2758565,3.589383
2019-03-29 05:30:00,3.1871326,1.6478174
2019-03-29 06:00:00,3.6272783,3.6213622
2019-03-29 06:30:00,2.8180673,4.9587216
2019-03-29 07:00:00,0.55754846,7.9821625
2019-03-29 07:30:00,-2.352569,5.123415
2019-03-29 08:00:00,-7.216836,1.610123
2019-03-29 08:30:00,-10.822312,-1.3816183
2019-03-29 09:00:00,-12.538359,-2.7576115
2019-03-29 09:30:00,-15.492709,-4.75372
2019-03-29 10:00:00,-16.205416,-6.8372583
2019-03-29 10:30:00,-13.893813,-8.282208
2019-03-29 11:00:00,-17.306662,-7.890226
2019-03-29 11:30:00,-20.048807,-8.784941
2019-03-29 12:00:00,-17.761272,-10.363544
2019-03-29 12:30:00,-16.79588,-11.432102
2019-03-29 13:00:00,-16.20712,-11.434033
2019-03-29 13:30:00,-17.7599,-10.680601
2019-03-29 14:00:00,-8.921959,-11.620298
2019-03-29 14:30:00,-10.2479925,-10.707779
2019-03-29 15:00:00,-10.756881,-9.924303
2019-03-29 15:30:00,-6.649857,-7.800755
2019-03-29 16:00:00,-5.2873473,-7.1192904
2019-03-29 16:30:00,-4.6968746,-6.9210663
2019-03-29 17:00:00,-6.692694,-5.3060265
2019-03-29 17:30:00,-2.5672655,-3.7891738
2019-03-29 18:00:00,-0.3395606,-3.0197806
2019-03-29 18:30:00,0.16443436,-2.1923103
2019-03-29 19:00:00,0.7819098,-1.5899004
2019-03-29 19:30:00,-2.3919456,-0.52830744
2019-03-29 20:00:00,-5.565801,-0.28057444
2019-03-29 20:30:00,-1.1481512,0.7827706
2019-03-29 21:00:00,-1.459729,0.49443766
2019-03-29 21:30:00,-1.7713112,0.039628446
2019-03-29 22:00:00,-8.168344,1.0893499
2019-03-29 22:30:00,3.602443,1.7634476
2019-03-29 23:00:00,1.9653331,3.5334466
2019-03-29 23:30:00,2.4238913,4.3055315
2019-03-30 00:00:00,-3.3178267,5.85649
2019-03-30 00:30:00,-32.89583,5.5679436
2019-03-30 01:00:00,-26.537458,5.9245124
2019-03-30 01:30:00,-20.179083,8.719305
2019-03-30 02:00:00,-13.82071,7.8855824
2019-03-30 02:30:00,-7.462336,8.919059
2019-03-30 03:00:00,-1.103964,7.8814187
2019-03-30 03:30:00,5.2544127,5.984289
2019-03-30 04:00:00,4.4582224,5.743984
2019-03-30 04:30:00,3.6620321,5.2947373
2019-03-30 05:00:00,5.098641,6.3277106
2019-03-30 05:30:00,3.9226458,6.8658085
2019-03-30 06:00:00,3.2276452,5.387153
2019-03-30 06:30:00,2.5326443,3.5121722
2019-03-30 07:00:00,1.8376435,1.7713169
2019-03-30 07:30:00,-1.530639,1.1377491
2019-03-30 08:00:00,-4.8989215,-2.524568
2019-03-30 08:30:00,-7.244577,-4.166069
2019-03-30 09:00:00,-11.902759,-8.277848
2019-03-30 09:30:00,-13.515188,-11.133222
2019-03-30 10:00:00,-15.496338,-13.541904
2019-03-30 10:30:00,-11.323012,-12.161349
2019-03-30 11:00:00,-17.241055,-12.388804
2019-03-30 11:30:00,-18.226791,-12.065049
2019-03-30 12:00:00,-18.179066,-13.0405445
2019-03-30 12:30:00,-13.919505,-14.367016
2019-03-30 13:00:00,-18.652313,-14.505729
2019-03-30 13:30:00,-17.243046,-15.166801
2019-03-30 14:00:00,-15.236786,-14.4886055
2019-03-30 14:30:00,-13.278951,-12.603815
2019-03-30 15:00:00,-10.125577,-11.697094
2019-03-30 15:30:00,-6.4783382,-9.785703
2019-03-30 16:00:00,-5.2003584,-7.8772097
2019-03-30 16:30:00,-7.200538,-5.7903023
2019-03-30 17:00:00,-2.203295,-3.7673228
2019-03-30 17:30:00,-3.364762,-1.7294791
2019-03-30 18:00:00,0.27521902,-0.29009527
2019-03-30 18:30:00,2.0126357,1.209769
2019-03-30 19:00:00,3.738229,2.885945
2019-03-30 19:30:00,2.3710399,2.8472283
2019-03-30 20:00:00,3.1012094,5.119391
2019-03-30 20:30:00,2.3727875,5.723208
2019-03-30 21:00:00,2.9744024,4.400761
2019-03-30 21:30:00,4.8514934,4.609065
2019-03-30 22:00:00,3.8950186,4.424286
2019-03-30 22:30:00,3.8602996,3.5952816
2019-03-30 23:00:00,3.9249747,5.1867795
2019-03-30 23:30:00,1.9635592,4.8748956
2019-03-31 00:00:00,3.5206575,4.8786445
2019-03-31 00:30:00,3.2929668,-0.052708868
2019-03-31 01:00:00,2.956191,-1.6322262
2019-03-31 01:30:00,2.9355283,-3.080733
2019-03-31 02:00:00,2.6639607,-3.1094484
2019-03-31 02:30:00,1.6635339,-2.0101526
2019-03-31 03:00:00,2.3557515,-1.055438
2019-03-31 03:30:00,3.1469345,-1.0670518
2019-03-31 04:00:00,2.2738655,1.2270322
2019-03-31 04:30:00,2.2253134,1.8630338
2019-03-31 05:00:00,0.31268612,0.8381302
2019-03-31 05:30:00,-3.6609468,2.3441684
2019-03-31 06:00:00,2.4999049,1.1549337
2019-03-31 06:30:00,1.7974849,-0.33567187
2019-03-31 07:00:00,1.095065,-1.2675915
2019-03-31 07:30:00,-1.2932526,-4.78784
2019-03-31 08:00:00,-6.742972,-6.9776974
2019-03-31 08:30:00,-10.242649,-8.361621
2019-03-31 09:00:00,-12.198349,-11.21699
2019-03-31 09:30:00,-14.388814,-12.766093
2019-03-31 10:00:00,-15.949746,-13.925277
2019-03-31 10:30:00,-16.156174,-14.587114
2019-03-31 11:00:00,-19.302378,-15.119154
2019-03-31 11:30:00,-17.395481,-15.226846
2019-03-31 12:00:00,-15.97556,-14.419756
2019-03-31 12:30:00,-16.815865,-13.580586
2019-03-31 13:00:00,-17.54477,-13.71836
2019-03-31 13:30:00,-14.895494,-13.15674
2019-03-31 14:00:00,-17.739817,-12.949041
2019-03-31 14:30:00,-13.5288315,-11.8070135
2019-03-31 15:00:00,-13.02384,-10.66578
2019-03-31 15:30:00,-9.723501,-8.977288
2019-03-31 16:00:00,-9.111418,-7.4526844
2019-03-31 16:30:00,-11.486919,-5.8918066
2019-03-31 17:00:00,-6.905966,-3.6662338
2019-03-31 17:30:00,-3.1862178,-3.4991806
2019-03-31 18:00:00,-1.5479022,-2.9595711
2019-03-31 18:30:00,0.09041331,-2.2802215
2019-03-31 19:00:00,-3.2776856,-1.7767816
2019-03-31 19:30:00,-1.6454872,-0.829661
2019-03-31 20:00:00,-1.364486,-0.736594
2019-03-31 20:30:00,11.563119,-0.8897089
2019-03-31 21:00:00,1.405083,-0.8371151
2019-03-31 21:30:00,0.8591336,0.16591993
2019-03-31 22:00:00,-3.611844,0.7145127
2019-03-31 22:30:00,-8.082818,1.4830757
2019-03-31 23:00:00,-1.4499198,2.0795915
2019-03-31 23:30:00,2.3409743,1.8832769
2019-04-01 00:00:00,-0.48755458,3.8039265
2019-04-01 00:30:00,-1.0903404,4.3053303
2019-04-01 01:00:00,0.5856215,4.2977495
2019-04-01 01:30:00,-34.04468,4.033522
2019-04-01 02:00:00,0.60172254,3.9909213
2019-04-01 02:30:00,-1.3785815,4.466428
2019-04-01 03:00:00,-2.0045948,3.0234787
2019-04-01 03:30:00,-1.4202082,3.9887888
2019-04-01 04:00:00,-8.862824,4.617769
2019-04-01 04:30:00,15.355682,4.5085177
2019-04-01 05:00:00,-3.0946844,4.2986236
2019-04-01 05:30:00,-4.910168,3.496412
2019-04-01 06:00:00,-6.725652,0.91351444
2019-04-01 06:30:00,1.3026612,-0.26091242
2019-04-01 07:00:00,0.60995436,-3.27963
2019-04-01 07:30:00,-2.3489294,-6.7200723
2019-04-01 08:00:00,-5.3078136,-10.84429
2019-04-01 08:30:00,-9.976259,-11.129879
2019-04-01 09:00:00,-14.681877,-12.680524
2019-04-01 09:30:00,-17.38002,-13.883594
2019-04-01 10:00:00,-16.15918,-14.362067
2019-04-01 10:30:00,-20.438482,-16.573776
2019-04-01 11:00:00,-19.711538,-17.07862
2019-04-01 11:30:00,-16.824198,-16.965322
2019-04-01 12:00:00,-13.847807,-17.72065
2019-04-01 12:30:00,-13.099548,-17.037207
2019-04-01 13:00:00,-13.945636,-16.360235
2019-04-01 13:30:00,-15.154465,-15.569546
2019-04-01 14:00:00,-12.112964,-15.214139
2019-04-01 14:30:00,-12.310248,-14.568058
2019-04-01 15:00:00,-11.709708,-12.958431
2019-04-01 15:30:00,-13.064803,-11.340604
2019-04-01 16:00:00,-10.85,-10.674707
2019-04-01 16:30:00,-9.818364,-9.565528
2019-04-01 17:00:00,-9.010792,-8.26997
2019-04-01 17:30:00,-5.195849,-7.382434
2019-04-01 18:00:00,-1.1011108,-6.7592874
2019-04-01 18:30:00,-0.8756571,-5.5576787
2019-04-01 19:00:00,-0.65020335,-4.761082
2019-04-01 19:30:00,1.3468046,-4.130717
2019-04-01 20:00:00,-5.615507,-2.8804336
2019-04-01 20:30:00,0.9117754,-2.5230258
2019-04-01 21:00:00,-5.5134916,-1.865986
2019-04-01 21:30:00,-4.7704062,-0.5935243
2019-04-01 22:00:00,-7.1584616,0.022671029
2019-04-01 22:30:00,-0.08595957,-0.6723254
2019-04-01 23:00:00,-1.0719761,-0.6038752
2019-04-01 23:30:00,-2.0579925,-1.9916178
2019-04-02 00:00:00,-3.0440087,-4.058107
2019-04-02 00:30:00,-11.187231,-4.350259
2019-04-02 01:00:00,-8.056095,-4.9120035
2019-04-02 01:30:00,-6.2018685,-7.011809
2019-04-02 02:00:00,-4.3476458,-5.014246
2019-04-02 02:30:00,-9.510972,-3.1956294
2019-04-02 03:00:00,1.3653874,-2.3703172
2019-04-02 03:30:00,1.4412174,-0.11696442
2019-04-02 04:00:00,1.9665872,0.90509033
2019-04-02 04:30:00,2.4919615,1.8153205
2019-04-02 05:00:00,3.0173311,3.1741164
2019-04-02 05:30:00,3.542701,2.1980748
2019-04-02 06:00:00,4.0591702,1.0452282
2019-04-02 06:30:00,2.8426623,0.26921993
2019-04-02 07:00:00,0.9725224,-0.6940585
2019-04-02 07:30:00,1.412607,-3.28486
2019-04-02 08:00:00,-1.2246889,-5.1920257
2019-04-02 08:30:00,-3.9039958,-6.967683
2019-04-02 09:00:00,-4.172693,-8.320393
2019-04-02 09:30:00,-6.635399,-9.559961
2019-04-02 10:00:00,-10.743301,-10.027883
2019-04-02 10:30:00,-8.320947,-10.980932
2019-04-02 11:00:00,-6.2442946,-11.450584
2019-04-02 11:30:00,-9.183446,-13.107138
2019-04-02 12:00:00,-14.467353,-12.930817
2019-04-02 12:30:00,-15.718689,-13.87139
2019-04-02 13:00:00,-15.073036,-13.752765
2019-04-02 13:30:00,-12.210897,-13.316905
2019-04-02 14:00:00,-7.498541,-12.612843
2019-04-02 14:30:00,-11.04545,-11.164594
2019-04-02 15:00:00,-7.7483187,-10.349466
2019-04-02 15:30:00,-4.1271906,-8.764885
2019-04-02 16:00:00,-1.2645198,-7.786983
2019-04-02 16:30:00,-0.22815545,-5.4661016
2019-04-02 17:00:00,0.8082089,-5.0893855
2019-04-02 17:30:00,0.7775929,-3.528735
2019-04-02 18:00:00,1.1084658,-2.4557335
2019-04-02 18:30:00,1.3319969,-2.4325542
2019-04-02 19:00:00,3.8032668,-1.9816207
2019-04-02 19:30:00,4.1456265,-0.87258106
2019-04-02 20:00:00,1.8344495,-0.69435996
2019-04-02 20:30:00,2.5422,0.4708301
2019-04-02 21:00:00,2.9224334,-0.48041072
2019-04-02 21:30:00,2.8905897,-0.10185087
2019-04-02 22:00:00,1.8216473,0.077436365
2019-04-02 22:30:00,2.8596458,0.7505685
2019-04-02 23:00:00,3.1493204,0.1491067
2019-04-02 23:30:00,1.4089848,-0.3136329
2019-04-03 00:00:00,1.8538406,-0.19827351
2019-04-03 00:30:00,1.5576866,-0.6682007
2019-04-03 01:00:00,2.0967805,-0.51768994
2019-04-03 01:30:00,2.3844364,-0.24029347
2019-04-03 02:00:00,2.168228,-0.2781014
2019-04-03 02:30:00,1.9520241,-0.22763112
2019-04-03 03:00:00,1.7358203,-1.0479009
2019-04-03 03:30:00,1.018903,-1.0153755
2019-04-03 04:00:00,0.80068487,-0.66920567
2019-04-03 04:30:00,-1.4759218,-0.46729833
2019-04-03 05:00:00,-3.7525325,-0.26394475
2019-04-03 05:30:00,-2.6868412,-0.31286392
2019-04-03 06:00:00,-1.6211543,-1.0578499
2019-04-03 06:30:00,-0.5554629,-2.1941936
2019-04-03 07:00:00,0.5102241,-3.1683953
2019-04-03 07:30:00,-2.0655427,-4.80173
2019-04-03 08:00:00,-4.641314,-5.515021
2019-04-03 08:30:00,-9.756219,-6.4662485
2019-04-03 09:00:00,-14.63774,-8.279368
2019-04-03 09:30:00,-10.902852,-8.152889
2019-04-03 10:00:00,-13.837823,-9.928441
2019-04-03 10:30:00,-17.820393,-10.037443
2019-04-03 11:00:00,-18.74165,-10.607021
2019-04-03 11:30:00,-18.814123,-12.398347
2019-04-03 12:00:00,-21.354136,-13.800469
2019-04-03 12:30:00,-18.936749,-13.786065
2019-04-03 13:00:00,-22.243906,-14.372134
2019-04-03 13:30:00,-23.668644,-13.116719
2019-04-03 14:00:00,-17.264957,-11.326163
2019-04-03 14:30:00,-17.05485,-12.377955
2019-04-03 15:00:00,-15.932833,-10.16747
2019-04-03 15:30:00,-13.969427,-9.175682
2019-04-03 16:00:00,-14.039656,-8.5179825
2019-04-03 16:30:00,-12.499846,-7.1720676
2019-04-03 17:00:00,-8.19206,-6.5657997
2019-04-03 17:30:00,-4.1315775,-6.1145687
2019-04-03 18:00:00,-1.0365493,-5.887258
2019-04-03 18:30:00,-0.163629,-4.8072133
2019-04-03 19:00:00,0.70929134,-4.629696
2019-04-03 19:30:00,-2.8505473,-4.0826583
2019-04-03 20:00:00,1.1483229,-3.680268
2019-04-03 20:30:00,5.1471977,-4.0853367
2019-04-03 21:00:00,5.253862,-4.3348565
2019-04-03 21:30:00,2.652054,-3.7343342
2019-04-03 22:00:00,4.8104653,-2.8281238
2019-04-03 22:30:00,2.1375465,-2.9558442
2019-04-03 23:00:00,3.220108,-2.1846466
2019-04-03 23:30:00,2.8044,-1.3437972
2019-04-04 00:00:00,3.5758467,-1.2043016
2019-04-04 00:30:00,3.008505,-1.6050576
2019-04-04 01:00:00,1.1558819,-2.8562756
2019-04-04 01:30:00,-0.2746933,-0.7994164
2019-04-04 02:00:00,-1.7052641,-0.22076689
2019-04-04 02:30:00,1.6940407,0.3685438
2019-04-04 03:00:00,0.7234961,1.1907318
2019-04-04 03:30:00,-0.30102298,1.6224884
2019-04-04 04:00:00,-1.4680525,2.6229281
2019-04-04 04:30:00,-0.11883014,2.6766098
2019-04-04 05:00:00,0.09783682,1.246253
2019-04-04 05:30:00,1.5114983,-0.8243697
2019-04-04 06:00:00,0.14257452,-1.3360809
2019-04-04 06:30:00,-1.2263492,-1.9364505
2019-04-04 07:00:00,1.1240556,-2.228397
2019-04-04 07:30:00,1.0837003,-3.575845
2019-04-04 08:00:00,-2.186783,-3.9497821
2019-04-04 08:30:00,-6.1691113,-4.866916
2019-04-04 09:00:00,-8.561671,-5.62387
2019-04-04 09:30:00,-8.035052,-6.2216353
2019-04-04 10:00:00,-13.93641,-6.559591
2019-04-04 10:30:00,-20.848278,-7.643625
2019-04-04 11:00:00,-12.417306,-9.254514
2019-04-04 11:30:00,-16.34964,-11.123229
2019-04-04 12:00:00,-22.343075,-12.868012
2019-04-04 12:30:00,-11.532728,-13.172027
2019-04-04 13:00:00,-17.460245,-13.700018
2019-04-04 13:30:00,-18.279957,-13.790983
2019-04-04 14:00:00,-11.628592,-13.077282
2019-04-04 14:30:00,-12.325886,-12.520732
2019-04-04 15:00:00,-11.332162,-12.038785
2019-04-04 15:30:00,-11.111964,-10.592655
2019-04-04 16:00:00,-9.717393,-10.608219
2019-04-04 16:30:00,-12.396805,-9.300242
2019-04-04 17:00:00,-6.7677026,-8.350423
2019-04-04 17:30:00,-5.124266,-6.780474
2019-04-04 18:00:00,-1.160678,-5.961646
2019-04-04 18:30:00,0.82438856,-4.494377
2019-04-04 19:00:00,1.0138433,-3.105883
2019-04-04 19:30:00,1.7344178,-2.3687005
2019-04-04 20:00:00,-5.9540086,-0.7437772
2019-04-04 20:30:00,-4.7390647,0.080674045
2019-04-04 21:00:00,-3.524125,1.0847839
2019-04-04 21:30:00,-2.3091815,1.6930139
2019-04-04 22:00:00,-0.2876266,2.587414
2019-04-04 22:30:00,-19.128231,2.6401303
2019-04-04 23:00:00,2.6972156,2.3343637
2019-04-04 23:30:00,3.5205526,1.9638039
2019-04-05 00:00:00,4.3438897,2.2426248
2019-04-05 00:30:00,1.8361797,1.378063
2019-04-05 01:00:00,2.3721497,1.3070742
2019-04-05 01:30:00,2.433255,1.5188082
2019-04-05 02:00:00,1.9402356,1.5358006
2019-04-05 02:30:00,1.4472165,3.5656488
2019-04-05 03:00:00,1.4319413,3.155848
2019-04-05 03:30:00,1.2214831,3.6161628
2019-04-05 04:00:00,1.7187493,4.420327
2019-04-05 04:30:00,2.8116925,3.4746485
2019-04-05 05:00:00,3.8595963,3.0779252
2019-04-05 05:30:00,1.6677154,2.5941515
2019-04-05 06:00:00,2.139823,0.889151
2019-04-05 06:30:00,1.9204164,-0.6489188
2019-04-05 07:00:00,-1.9191041,-1.743295
2019-04-05 07:30:00,-5.7586203,-3.8057425
2019-04-05 08:00:00,-10.122112,-6.398886
2019-04-05 08:30:00,-15.243851,-7.608377
2019-04-05 09:00:00,-17.349844,-9.705259
2019-04-05 09:30:00,-18.1655,-11.3743305
2019-04-05 10:00:00,-22.408484,-12.466054
2019-04-05 10:30:00,-20.334667,-14.169831
2019-04-05 11:00:00,-19.879244,-15.543244
2019-04-05 11:30:00,-18.542664,-16.666138
2019-04-05 12:00:00,-19.799261,-17.910154
2019-04-05 12:30:00,-15.224165,-16.610106
2019-04-05 13:00:00,-14.582149,-17.209946
2019-04-05 13:30:00,-14.816455,-18.119093
2019-04-05 14:00:00,-11.94664,-16.05893
2019-04-05 14:30:00,-14.769813,-15.161045
2019-04-05 15:00:00,-12.096416,-14.737217
2019-04-05 15:30:00,-11.890843,-13.086584
2019-04-05 16:00:00,-7.849368,-12.675093
2019-04-05 16:30:00,-5.40601,-12.079862
2019-04-05 17:00:00,-3.2772791,-9.149772
2019-04-05 17:30:00,-1.1485487,-7.060073
2019-04-05 18:00:00,0.096700795,-5.1287622
2019-04-05 18:30:00,-3.2752824,-2.655395
2019-04-05 19:00:00,-0.97675055,-2.026743
2019-04-05 19:30:00,-18.30077,-1.0960904
2019-04-05 20:00:00,-10.538978,-0.51699084
2019-04-05 20:30:00,-2.7771816,0.24715912
2019-04-05 21:00:00,-2.9299033,0.04355212
2019-04-05 21:30:00,-3.0826206,0.42636332
2019-04-05 22:00:00,-3.2353423,0.8917114
2019-04-05 22:30:00,0.55559534,0.3454431
2019-04-05 23:00:00,-0.20397988,1.879563
2019-04-05 23:30:00,-0.9635595,1.6411104
2019-04-06 00:00:00,2.5483608,0.80826133
2019-04-06 00:30:00,1.7389138,0.7900237
2019-04-06 01:00:00,0.92947125,-0.36748505
2019-04-06 01:30:00,4.123151,-0.21562417
2019-04-06 02:00:00,2.27976,0.0068103154
2019-04-06 02:30:00,0.16926685,-0.52068734
2019-04-06 03:00:00,-4.131263,-0.4617711
2019-04-06 03:30:00,-1.5761894,-0.49424842
2019-04-06 04:00:00,-0.43708432,-0.6423517
2019-04-06 04:30:00,0.7020251,-0.78287846
2019-04-06 05:00:00,1.8411303,0.11992822
2019-04-06 05:30:00,4.779417,0.54835975
2019-04-06 06:00:00,3.8860352,-0.17733125
2019-04-06 06:30:00,2.9926531,-0.24241698
2019-04-06 07:00:00,-4.492651,-1.4550974
2019-04-06 07:30:00,-8.08776,-3.3271203
2019-04-06 08:00:00,-11.682867,-5.0447
2019-04-06 08:30:00,-14.185994,-8.53913
2019-04-06 09:00:00,-14.945232,-10.923768
2019-04-06 09:30:00,-18.039068,-12.938363
2019-04-06 10:00:00,-23.620144,-14.854455
2019-04-06 10:30:00,-18.097458,-16.224703
2019-04-06 11:00:00,-19.51232,-17.3656
2019-04-06 11:30:00,-18.893091,-18.087185
2019-04-06 12:00:00,-20.115772,-17.948973
2019-04-06 12:30:00,-21.177753,-18.335697
2019-04-06 13:00:00,-17.73975,-17.62449
2019-04-06 13:30:00,-14.61665,-18.01865
2019-04-06 14:00:00,-17.035828,-16.927124
2019-04-06 14:30:00,-13.932187,-17.500153
2019-04-06 15:00:00,-14.012552,-16.422674
2019-04-06 15:30:00,-13.083836,-15.557417
2019-04-06 16:00:00,-10.90665,-13.339853
2019-04-06 16:30:00,-8.4886465,-10.36978
2019-04-06 17:00:00,-5.361622,-8.237488
2019-04-06 17:30:00,-5.071087,-5.5698385
2019-04-06 18:00:00,0.25533852,-4.2332478
2019-04-06 18:30:00,1.3652258,-3.0093336
2019-04-06 19:00:00,2.4751177,-1.6362373
2019-04-06 19:30:00,1.2387159,-2.9133523
2019-04-06 20:00:00,1.5920951,-2.0508966
2019-04-06 20:30:00,1.9454789,-2.3435943
2019-04-06 21:00:00,2.2988584,-1.6686622
2019-04-06 21:30:00,2.6522377,0.4323799
2019-04-06 22:00:00,3.005617,0.14392903
2019-04-06 22:30:00,3.3589964,1.3770056
2019-04-06 23:00:00,3.7123756,1.256818
2019-04-06 23:30:00,1.0158881,2.046319
2019-04-07 00:00:00,2.3093796,3.197619
2019-04-07 00:30:00,3.6028712,3.1452699
2019-04-07 01:00:00,1.5399208,0.75152105
2019-04-07 01:30:00,0.84646684,0.9129202
2019-04-07 02:00:00,3.646237,0.2874051
2019-04-07 02:30:00,0.9026697,0.06550807
2019-04-07 03:00:00,1.5352894,-1.7244805
2019-04-07 03:30:00,2.167909,-2.5096164
2019-04-07 04:00:00,5.470498,-2.0094185
2019-04-07 04:30:00,5.462935,-1.1851944
2019-04-07 05:00:00,3.0149019,-0.03800603
2019-04-07 05:30:00,1.8488508,1.3511871
2019-04-07 06:00:00,2.1282966,0.86546916
2019-04-07 06:30:00,1.8257632,-0.09513082
2019-04-07 07:00:00,0.11146917,-0.96402264
2019-04-07 07:30:00,-3.632358,-3.0855525
2019-04-07 08:00:00,-8.09694,-5.3726106
2019-04-07 08:30:00,-11.861998,-7.147621
2019-04-07 09:00:00,-18.410221,-8.415753
2019-04-07 09:30:00,-17.777699,-10.808597
2019-04-07 10:00:00,-14.523082,-12.517958
2019-04-07 10:30:00,-18.385958,-13.290248
2019-04-07 11:00:00,-16.358667,-14.108062
2019-04-07 11:30:00,-18.914228,-15.264481
2019-04-07 12:00:00,-20.605955,-16.298155
2019-04-07 12:30:00,-17.50991,-16.868118
2019-04-07 13:00:00,-19.716475,-15.871109
2019-04-07 13:30:00,-14.894155,-14.958349
2019-04-07 14:00:00,-13.600008,-14.9628105
2019-04-07 14:30:00,-16.608932,-14.058559
2019-04-07 15:00:00,-14.85087,-13.569978
2019-04-07 15:30:00,-16.183807,-12.7817745
2019-04-07 16:00:00,-10.093536,-11.658058
2019-04-07 16:30:00,-8.815377,-9.800275
2019-04-07 17:00:00,-9.46668,-7.368181
2019-04-07 17:30:00,-4.9151406,-5.6454062
2019-04-07 18:00:00,-0.3636007,-3.4348857
2019-04-07 18:30:00,0.7946202,-1.2410302
2019-04-07 19:00:00,3.2022243,-0.10039588
2019-04-07 19:30:00,3.2484825,1.1125118
2019-04-07 20:00:00,3.2947452,1.6155192
2019-04-07 20:30:00,3.3410077,1.6667105
2019-04-07 21:00:00,3.3872702,1.941411
2019-04-07 21:30:00,7.855945,2.1673453
2019-04-07 22:00:00,3.7344756,4.035965
2019-04-07 22:30:00,4.0357027,3.5373442
2019-04-07 23:00:00,5.4597454,3.5481627
2019-04-07 23:30:00,5.456875,3.511495
2019-04-08 00:00:00,4.10223,3.5939226
2019-04-08 00:30:00,4.5559034,2.4411328
2019-04-08 01:00:00,5.4360986,2.192255
2019-04-08 01:30:00,5.05015,2.2730398
2019-04-08 02:00:00,5.2404566,2.7754138
2019-04-08 02:30:00,4.4028015,2.763988
2019-04-08 03:00:00,4.0677953,3.72194
2019-04-08 03:30:00,3.5905495,5.099266
2019-04-08 04:00:00,4.4144855,5.222014
2019-04-08 04:30:00,7.533715,5.0899243
2019-04-08 05:00:00,6.7680445,4.5737433
2019-04-08 05:30:00,0.90210605,3.850731
2019-04-08 06:00:00,4.3985457,2.3090608
2019-04-08 06:30:00,2.023747,0.4523609
2019-04-08 07:00:00,1.3188889,-1.3111277
2019-04-08 07:30:00,-5.3197503,-2.738194
2019-04-08 08:00:00,-10.459797,-4.7262363
2019-04-08 08:30:00,-13.893117,-7.589943
2019-04-08 09:00:00,-16.95409,-9.846551
2019-04-08 09:30:00,-22.265015,-12.3127775
2019-04-08 10:00:00,-18.222548,-12.953682
2019-04-08 10:30:00,-24.38215,-14.018762
2019-04-08 11:00:00,-19.243053,-13.927416
2019-04-08 11:30:00,-19.705688,-14.883393
2019-04-08 12:00:00,-14.919713,-16.562265
2019-04-08 12:30:00,-17.690166,-17.353313
2019-04-08 13:00:00,-14.145407,-17.806644
2019-04-08 13:30:00,-12.661084,-16.60641
2019-04-08 14:00:00,-13.231767,-15.531896
2019-04-08 14:30:00,-9.951175,-14.759199
2019-04-08 15:00:00,-11.95246,-14.783111
2019-04-08 15:30:00,-10.428508,-14.157899
2019-04-08 16:00:00,-11.152359,-12.873408
2019-04-08 16:30:00,-7.387913,-10.778033
2019-04-08 17:00:00,-4.7386236,-9.778201
2019-04-08 17:30:00,-1.8746592,-8.144823
2019-04-08 18:00:00,1.7450178,-6.3337526
2019-04-08 18:30:00,9.559762,-4.561927
2019-04-08 19:00:00,8.684141,-3.828166
2019-04-08 19:30:00,7.3278666,-1.9192659
2019-04-08 20:00:00,8.291416,-1.1307218
2019-04-08 20:30:00,5.0655212,-1.0300522
2019-04-08 21:00:00,6.1372776,-1.7648576
2019-04-08 21:30:00,7.340931,-1.1371709
2019-04-08 22:00:00,6.7831492,0.09928308
2019-04-08 22:30:00,6.0812974,0.22051923
2019-04-08 23:00:00,5.9509907,0.09951028
2019-04-08 23:30:00,6.053565,0.16590682
2019-04-09 00:00:00,6.2085547,2.1446729
2019-04-09 00:30:00,5.245324,3.1103196
2019-04-09 01:00:00,4.438084,3.5306242
2019-04-09 01:30:00,4.7097173,3.2355754
2019-04-09 02:00:00,5.0915627,3.9444358
2019-04-09 02:30:00,5.255151,3.56138
2019-04-09 03:00:00,5.5129857,3.5342987
2019-04-09 03:30:00,5.7708163,3.6298168
2019-04-09 04:00:00,12.382069,3.7190738
2019-04-09 04:30:00,10.7318735,3.6679306
2019-04-09 05:00:00,4.422464,3.9250271
2019-04-09 05:30:00,4.5223513,2.8776913
2019-04-09 06:00:00,3.4073825,2.3376362
2019-04-09 06:30:00,2.2924135,0.76212984
2019-04-09 07:00:00,3.3812625,-0.06473767
2019-04-09 07:30:00,2.0395508,-2.5219028
2019-04-09 08:00:00,1.388156,-4.1319356
2019-04-09 08:30:00,0.7367614,-6.127699
2019-04-09 09:00:00,0.08536672,-7.750272
2019-04-09 09:30:00,-0.566028,-8.833829
2019-04-09 10:00:00,-1.2174227,-10.276748
2019-04-09 10:30:00,-1.8688173,-10.762574
2019-04-09 11:00:00,-2.5202162,-11.126156
2019-04-09 11:30:00,-3.171611,-12.111307
2019-04-09 12:00:00,-3.8230057,-10.554467
2019-04-09 12:30:00,-4.4744005,-11.720571
2019-04-09 13:00:00,-5.1257954,-11.086417
2019-04-09 13:30:00,-5.77719,-10.5265255
2019-04-09 14:00:00,-6.4285846,-10.019157
2019-04-09 14:30:00,-7.0799794,-9.209802
2019-04-09 15:00:00,0.9423608,-7.943021
2019-04-09 15:30:00,3.7730308,-6.8187323
2019-04-09 16:00:00,6.6037,-6.427038
2019-04-09 16:30:00,9.434371,-5.010327
2019-04-09 17:00:00,7.325293,-3.3981965
2019-04-09 17:30:00,5.2162113,-1.576622
2019-04-09 18:00:00,3.1071343,-0.40396908
2019-04-09 18:30:00,1.6963739,2.0306985
2019-04-09 19:00:00,3.2143579,2.9133146
2019-04-09 19:30:00,4.3137937,2.4656842
2019-04-09 20:00:00,3.3196547,2.895553
2019-04-09 20:30:00,3.73403,3.3483527
2019-04-09 21:00:00,3.8846805,3.1264162
2019-04-09 21:30:00,3.3912158,3.0693264
2019-04-09 22:00:00,4.051205,2.2775488
2019-04-09 22:30:00,2.9039292,2.7859178
2019-04-09 23:00:00,3.0798478,3.8190925
2019-04-09 23:30:00,3.3889568,4.2734427
2019-04-10 00:00:00,3.1405466,3.8514037
2019-04-10 00:30:00,3.205121,4.4536214
2019-04-10 01:00:00,3.0385618,4.9014
2019-04-10 01:30:00,2.9634223,5.5041904
2019-04-10 02:00:00,3.2000527,5.515944
2019-04-10 02:30:00,2.986357,7.1427507
2019-04-10 03:00:00,2.5476182,8.635003
2019-04-10 03:30:00,3.1089387,10.566892
2019-04-10 04:00:00,2.6550384,10.510278
2019-04-10 04:30:00,2.8259146,11.30562
2019-04-10 05:00:00,3.3510878,11.685395
2019-04-10 05:30:00,2.7655914,12.273469
2019-04-10 06:00:00,2.4849355,14.661332
2019-04-10 06:30:00,2.46838,12.592541
2019-04-10 07:00:00,1.7492735,8.908743
2019-04-10 07:30:00,-0.30326447,7.4265523
2019-04-10 08:00:00,-3.090647,4.8526206
2019-04-10 08:30:00,-6.0454545,3.1092885
2019-04-10 09:00:00,-10.749362,1.2342329
2019-04-10 09:30:00,-11.1713705,1.4111301
2019-04-10 10:00:00,-9.295708,-0.07649121
2019-04-10 10:30:00,-9.426381,-4.102958
2019-04-10 11:00:00,-10.197832,-8.828809
2019-04-10 11:30:00,-7.152943,-10.971293
2019-04-10 12:00:00,-7.3895125,-12.041245
2019-04-10 12:30:00,-7.484895,-12.568166
2019-04-10 13:00:00,-5.814382,-12.511985
2019-04-10 13:30:00,-6.4701633,-13.360498
2019-04-10 14:00:00,-6.3399,-14.291908
2019-04-10 14:30:00,-4.085944,-14.0385065
2019-04-10 15:00:00,-2.9483726,-12.711808
2019-04-10 15:30:00,-1.5575454,-13.129102
2019-04-10 16:00:00,-0.6087252,-12.851858
2019-04-10 16:30:00,-0.5731456,-11.317254
2019-04-10 17:00:00,-1.1855832,-10.01758
2019-04-10 17:30:00,-2.089941,-7.5585275
2019-04-10 18:00:00,0.06692373,-6.475905
2019-04-10 18:30:00,2.2686834,-4.890629
2019-04-10 19:00:00,2.6984608,-3.6956
2019-04-10 19:30:00,3.074316,-2.787039
2019-04-10 20:00:00,3.0425858,-1.4650508
2019-04-10 20:30:00,2.6346467,-0.9787517
2019-04-10 21:00:00,2.7053514,-0.36567616
2019-04-10 21:30:00,3.8949661,-0.58603084
2019-04-10 22:00:00,3.6639283,-0.002443952
2019-04-10 22:30:00,4.04213,0.34185585
2019-04-10 23:00:00,3.0269437,0.93800896
2019-04-10 23:30:00,2.7288933,0.4892731
2019-04-11 00:00:00,2.941912,0.24540702
2019-04-11 00:30:00,3.154926,1.2124999
2019-04-11 01:00:00,1.8453423,1.8492877
2019-04-11 01:30:00,2.9298482,1.5581803
2019-04-11 02:00:00,2.6467278,2.486714
2019-04-11 02:30:00,4.3107395,2.6194894
2019-04-11 03:00:00,2.4134836,2.2038338
2019-04-11 03:30:00,2.48286,2.6360493
2019-04-11 04:00:00,3.2438335,1.9418828
2019-04-11 04:30:00,7.398619,1.6621008
2019-04-11 05:00:00,2.2752461,1.1644108
2019-04-11 05:30:00,2.278248,2.0991704
2019-04-11 06:00:00,2.34471,1.5301161
2019-04-11 06:30:00,2.2154431,1.5548596
2019-04-11 07:00:00,0.5222267,-0.13670948
2019-04-11 07:30:00,-0.08867293,-1.37783
2019-04-11 08:00:00,-1.8441874,-2.8913746
2019-04-11 08:30:00,-2.90017,-4.317598
2019-04-11 09:00:00,-3.2809713,-6.5942574
2019-04-11 09:30:00,-7.819639,-9.087513
2019-04-11 10:00:00,-7.7785892,-10.142984
2019-04-11 10:30:00,-16.126387,-10.822404
2019-04-11 11:00:00,-26.285217,-11.854613
2019-04-11 11:30:00,-24.532831,-10.438378
2019-04-11 12:00:00,-19.83026,-9.983569
2019-04-11 12:30:00,-13.10605,-9.692815
2019-04-11 13:00:00,-10.4223385,-8.435231
2019-04-11 13:30:00,-13.645069,-8.768206
2019-04-11 14:00:00,-8.370526,-8.871641
2019-04-11 14:30:00,-7.4497876,-7.253604
2019-04-11 15:00:00,-12.431908,-6.3038487
2019-04-11 15:30:00,-13.026069,-4.914376
2019-04-11 16:00:00,-12.855887,-3.4773078
2019-04-11 16:30:00,-6.968369,-2.1615677
2019-04-11 17:00:00,-2.4344897,-1.9400158
2019-04-11 17:30:00,-0.5894302,-1.500224
2019-04-11 18:00:00,1.255634,-0.7444064
2019-04-11 18:30:00,2.6077971,-0.77644676
2019-04-11 19:00:00,2.3818889,-1.1989316
2019-04-11 19:30:00,1.0283582,-0.27868253
2019-04-11 20:00:00,-8.910966,-0.42671588
2019-04-11 20:30:00,-13.851147,-0.40374625
2019-04-11 21:00:00,-18.791332,-0.47310516
2019-04-11 21:30:00,-23.731514,-0.2523922
2019-04-11 22:00:00,-23.702961,-0.7465823
2019-04-11 22:30:00,-23.674404,-1.2326849
2019-04-11 23:00:00,-23.645851,-1.5120562
2019-04-11 23:30:00,-23.617294,-1.5622599
2019-04-12 00:00:00,-23.588741,-0.1726211
2019-04-12 00:30:00,-23.560186,-0.88996667
2019-04-12 01:00:00,-23.531631,-1.3322228
2019-04-12 01:30:00,-23.503078,-1.5603592
2019-04-12 02:00:00,-23.474522,-2.1423383
2019-04-12 02:30:00,-23.445969,-0.21634948
2019-04-12 03:00:00,-23.417414,0.4325809
2019-04-12 03:30:00,-23.388859,1.1392653
2019-04-12 04:00:00,-23.360306,1.7748386
2019-04-12 04:30:00,-23.331749,2.072063
2019-04-12 05:00:00,-23.303196,1.4804585
2019-04-12 05:30:00,-23.274641,1.5702267
2019-04-12 06:00:00,-23.246086,0.961149
2019-04-12 06:30:00,-23.217531,0.14224683
2019-04-12 07:00:00,-23.188976,-0.37755203
2019-04-12 07:30:00,-23.160423,-1.0222791
2019-04-12 08:00:00,-23.131868,-1.5659083
2019-04-12 08:30:00,-15.299353,-2.1039405
2019-04-12 09:00:00,-7.466837,-2.5640671
2019-04-12 09:30:00,-18.35406,-4.9008746
2019-04-12 10:00:00,-23.195084,-6.136153
2019-04-12 10:30:00,-22.191856,-8.711217
2019-04-12 11:00:00,-18.980278,-11.284466
2019-04-12 11:30:00,-20.996708,-11.908728
2019-04-12 12:00:00,-21.76918,-12.176996
2019-04-12 12:30:00,-22.12352,-12.081102
2019-04-12 13:00:00,-22.69159,-11.611499
2019-04-12 13:30:00,-25.416105,-10.663784
2019-04-12 14:00:00,-19.62976,-10.3690405
2019-04-12 14:30:00,-22.355574,-8.712851
2019-04-12 15:00:00,-16.672562,-8.438421
2019-04-12 15:30:00,-18.496803,-7.3343496
2019-04-12 16:00:00,-15.609375,-5.881377
2019-04-12 16:30:00,-13.756955,-4.2811794
2019-04-12 17:00:00,-10.068596,-3.5396976
2019-04-12 17:30:00,-6.141196,-2.5485601
2019-04-12 18:00:00,-2.3600974,-2.4474669
2019-04-12 18:30:00,1.5834745,-1.8828822
2019-04-12 19:00:00,4.0430083,-1.454145
2019-04-12 19:30:00,2.0385895,-0.5996413
2019-04-12 20:00:00,1.5093354,-0.7629499
2019-04-12 20:30:00,0.67985946,-2.3751671
2019-04-12 21:00:00,0.8509236,-4.495072
2019-04-12 21:30:00,4.6759334,-5.679496
2019-04-12 22:00:00,0.91883194,-6.2606053
2019-04-12 22:30:00,4.1381984,-6.682706
2019-04-12 23:00:00,7.357565,-8.676952
2019-04-12 23:30:00,8.993211,-10.606549
2019-04-13 00:00:00,15.344444,-12.98293
2019-04-13 00:30:00,-1.7194296,-16.199936
2019-04-13 01:00:00,-0.37178013,-17.972322
2019-04-13 01:30:00,0.97586495,-18.230896
2019-04-13 02:00:00,2.3235102,-21.9498
2019-04-13 02:30:00,3.6711552,-26.283247
2019-04-13 03:00:00,6.1073737,-19.788187
2019-04-13 03:30:00,1.7548444,-18.094105
2019-04-13 04:00:00,4.230641,-17.323544
2019-04-13 04:30:00,4.221063,-15.474688
2019-04-13 05:00:00,3.0639434,-13.598265
2019-04-13 05:30:00,3.0610378,-14.6504
2019-04-13 06:00:00,3.0628247,-16.385578
2019-04-13 06:30:00,3.1585746,-16.210371
2019-04-13 07:00:00,2.3597407,-17.097055
2019-04-13 07:30:00,-2.270609,-15.687027
2019-04-13 08:00:00,-8.012266,-14.9592495
2019-04-13 08:30:00,-8.000006,-14.013287
2019-04-13 09:00:00,-15.008942,-13.163611
2019-04-13 09:30:00,-19.179153,-19.022009
2019-04-13 10:00:00,-21.107853,-21.908712
2019-04-13 10:30:00,-20.499435,-24.514221
2019-04-13 11:00:00,-20.380398,-23.979181
2019-04-13 11:30:00,-24.11129,-23.645739
2019-04-13 12:00:00,-24.976326,-22.391342
2019-04-13 12:30:00,-19.478647,-20.217308
2019-04-13 13:00:00,-25.537779,-19.431898
2019-04-13 13:30:00,-19.258944,-20.482836
2019-04-13 14:00:00,-19.178858,-19.413229
2019-04-13 14:30:00,-19.728472,-20.097134
2019-04-13 15:00:00,-17.995523,-18.339085
2019-04-13 15:30:00,-18.975384,-17.074263
2019-04-13 16:00:00,-14.0345,-14.809494
2019-04-13 16:30:00,-13.263339,-12.148831
2019-04-13 17:00:00,-9.862359,-11.452957
2019-04-13 17:30:00,-3.7707353,-9.240129
2019-04-13 18:00:00,-2.983996,-8.577711
2019-04-13 18:30:00,-2.1972566,-7.5812783
2019-04-13 19:00:00,-1.4105171,-6.0228915
2019-04-13 19:30:00,-0.62377757,-4.689971
2019-04-13 20:00:00,-0.8868732,-3.070749
2019-04-13 20:30:00,-1.1499645,-2.6313899
2019-04-13 21:00:00,-1.4130557,-1.8624338
2019-04-13 21:30:00,1.5148453,-1.0367154
2019-04-13 22:00:00,9.7104,-1.3296361
2019-04-13 22:30:00,-6.7505484,-1.2888614
2019-04-13 23:00:00,-2.808772,-0.4524513
2019-04-13 23:30:00,27.09633,0.5227554
2019-04-14 00:00:00,-8.828311,0.39656878
2019-04-14 00:30:00,-2.9609869,-1.1379094
2019-04-14 01:00:00,2.9063368,-0.35316673
2019-04-14 01:30:00,-1.2042403,-0.13714641
2019-04-14 02:00:00,3.8606884,-1.2953062
2019-04-14 02:30:00,-1.1983724,-3.4717107
2019-04-14 03:00:00,8.003214,-4.061882
2019-04-14 03:30:00,1.3526465,-4.805234
2019-04-14 04:00:00,-5.2979255,-5.88177
2019-04-14 04:30:00,0.012538524,-6.3904843
2019-04-14 05:00:00,5.3230023,-6.6347566
2019-04-14 05:30:00,3.784177,-4.927121
2019-04-14 06:00:00,2.241917,-3.6186953
2019-04-14 06:30:00,0.69965696,-5.1323886
2019-04-14 07:00:00,2.2884066,-5.469143
2019-04-14 07:30:00,-0.9400044,-7.180422
2019-04-14 08:00:00,-4.1684155,-10.304029
2019-04-14 08:30:00,-6.468167,-9.251105
2019-04-14 09:00:00,-9.566427,-11.542315
2019-04-14 09:30:00,-14.245443,-13.37983
2019-04-14 10:00:00,-16.830936,-14.911658
2019-04-14 10:30:00,-22.30079,-16.69059
2019-04-14 11:00:00,-22.799278,-19.677387
2019-04-14 11:30:00,-23.537508,-23.43328
2019-04-14 12:00:00,-22.82541,-22.816578
2019-04-14 12:30:00,-22.356169,-20.809067
2019-04-14 13:00:00,-23.616383,-21.499063
2019-04-14 13:30:00,-18.71112,-19.772186
2019-04-14 14:00:00,-19.661314,-18.602472
2019-04-14 14:30:00,-23.151966,-17.405912
2019-04-14 15:00:00,-19.545345,-15.306647
2019-04-14 15:30:00,-17.182648,-14.428637
2019-04-14 16:00:00,-14.838625,-11.627962
2019-04-14 16:30:00,-13.178655,-10.194616
2019-04-14 17:00:00,-10.435341,-7.712713
2019-04-14 17:30:00,-8.123807,-6.7337875
2019-04-14 18:00:00,-2.9010134,-6.7647095
2019-04-14 18:30:00,-0.049995508,-6.269401
2019-04-14 19:00:00,1.9726212,-5.9221168
2019-04-14 19:30:00,1.659335,-5.647202
2019-04-14 20:00:00,-2.7751894,-4.588266
2019-04-14 20:30:00,-7.209718,-3.4874883
2019-04-14 21:00:00,-8.693359,-2.695261
2019-04-14 21:30:00,-3.9531336,-1.7670685
2019-04-14 22:00:00,0.78709185,-0.44541228
2019-04-14 22:30:00,5.5273128,0.055148352
2019-04-14 23:00:00,1.0811399,0.90704346
2019-04-14 23:30:00,-3.3650374,3.3159845
2019-04-15 00:00:00,-7.8112106,3.4710045
2019-04-15 00:30:00,-4.4421415,4.0280476
2019-04-15 01:00:00,-1.0730684,5.9856787
2019-04-15 01:30:00,-2.3645105,7.0067677
2019-04-15 02:00:00,-3.6559482,5.9966416
2019-04-15 02:30:00,-4.9473906,5.147709
2019-04-15 03:00:00,-6.238833,5.2295246
2019-04-15 03:30:00,-11.515093,3.4644635
2019-04-15 04:00:00,-16.791353,3.2096784
2019-04-15 04:30:00,-22.067617,2.7064874
2019-04-15 05:00:00,-27.34388,2.4873168
2019-04-15 05:30:00,-32.62014,3.3753464
2019-04-15 06:00:00,3.5584612,1.4087751
2019-04-15 06:30:00,0.8490535,-0.028362893
2019-04-15 07:00:00,-2.306162,-2.7987576
2019-04-15 07:30:00,-8.310661,-5.5022273
2019-04-15 08:00:00,-12.620523,-9.006309
2019-04-15 08:30:00,-17.835672,-11.903519
2019-04-15 09:00:00,-22.136845,-14.403212
2019-04-15 09:30:00,-20.8845,-18.303764
2019-04-15 10:00:00,-22.627043,-20.50124
2019-04-15 10:30:00,-20.92927,-21.82607
2019-04-15 11:00:00,-24.042236,-21.4165
2019-04-15 11:30:00,-20.620264,-21.131277
2019-04-15 12:00:00,-20.592075,-20.80529
2019-04-15 12:30:00,-22.293205,-20.5741
2019-04-15 13:00:00,-18.796381,-19.961987
2019-04-15 13:30:00,-17.737295,-18.765661
2019-04-15 14:00:00,-24.526741,-19.418924
2019-04-15 14:30:00,-19.540777,-20.764355
2019-04-15 15:00:00,-18.922386,-18.1171
2019-04-15 15:30:00,-17.606169,-16.616291
2019-04-15 16:00:00,-9.709205,-14.574659
2019-04-15 16:30:00,-7.2448173,-12.046222
2019-04-15 17:00:00,-4.936485,-10.8634405
2019-04-15 17:30:00,-1.6135342,-7.2791038
2019-04-15 18:00:00,-0.06347056,-4.189209
2019-04-15 18:30:00,1.4865974,-2.2900307
2019-04-15 19:00:00,1.4406931,0.2910972
2019-04-15 19:30:00,3.8516529,0.87325966
2019-04-15 20:00:00,-1.8223712,0.3622039
2019-04-15 20:30:00,-3.2871408,0.4555811
2019-04-15 21:00:00,-0.77364606,0.18972848
2019-04-15 21:30:00,1.3955622,0.7033097
2019-04-15 22:00:00,-2.6141398,1.4545351
2019-04-15 22:30:00,-6.623842,2.054708
2019-04-15 23:00:00,1.9491142,2.9232678
2019-04-15 23:30:00,2.585518,2.2934666
2019-04-16 00:00:00,3.2219257,2.1784477
2019-04-16 00:30:00,1.3335394,0.48678258
2019-04-16 01:00:00,-1.8132175,0.34958524
2019-04-16 01:30:00,3.6953132,0.5472368
2019-04-16 02:00:00,-3.0327926,-0.5231997
2019-04-16 02:30:00,0.79750836,0.19420269
2019-04-16 03:00:00,0.6058297,-0.04332789
2019-04-16 03:30:00,0.41414663,-1.2150021
2019-04-16 04:00:00,0.88361067,-2.3753943
2019-04-16 04:30:00,1.3530791,-3.8596559
2019-04-16 05:00:00,1.822543,-5.4580183
2019-04-16 05:30:00,2.0399833,-5.579259
2019-04-16 06:00:00,2.2574193,-7.798527
2019-04-16 06:30:00,2.4748554,-8.907881
2019-04-16 07:00:00,13.362086,-11.046044
2019-04-16 07:30:00,2.0088737,-13.707135
2019-04-16 08:00:00,-4.098611,-13.815474
2019-04-16 08:30:00,-9.811359,-14.859663
2019-04-16 09:00:00,-10.2410145,-17.37945
2019-04-16 09:30:00,-21.433218,-18.326178
2019-04-16 10:00:00,-24.100965,-21.484184
2019-04-16 10:30:00,-21.231874,-22.144722
2019-04-16 11:00:00,-16.836384,-21.699331
2019-04-16 11:30:00,-16.943256,-23.371672
2019-04-16 12:00:00,-17.987011,-22.085192
2019-04-16 12:30:00,-17.351624,-22.036798
2019-04-16 13:00:00,-14.471381,-20.134228
2019-04-16 13:30:00,-18.724707,-18.852676
2019-04-16 14:00:00,-16.46785,-18.32749
2019-04-16 14:30:00,-14.558944,-17.977514
2019-04-16 15:00:00,-13.239679,-15.672654
2019-04-16 15:30:00,-12.332571,-15.028132
2019-04-16 16:00:00,-10.774057,-12.787485
2019-04-16 16:30:00,-9.087277,-9.923831
2019-04-16 17:00:00,-8.154602,-7.009144
2019-04-16 17:30:00,-5.488132,-5.5029526
2019-04-16 18:00:00,-1.8421032,-3.5502844
2019-04-16 18:30:00,-4.561442,-0.95581704
2019-04-16 19:00:00,-7.280777,-0.8484535
2019-04-16 19:30:00,-10.000111,0.1720676
2019-04-16 20:00:00,4.6765494,-0.44552588
2019-04-16 20:30:00,4.4777927,0.22060226
2019-04-16 21:00:00,4.2790356,-0.284
2019-04-16 21:30:00,-8.85115,1.4667737
2019-04-16 22:00:00,-3.1949782,0.9611403
2019-04-16 22:30:00,-20.62817,0.50626546
2019-04-16 23:00:00,-38.061363,0.5429024
2019-04-16 23:30:00,-23.77513,0.42448887
2019-04-17 00:00:00,-9.48889,-0.70966136
2019-04-17 00:30:00,5.7826486,-1.1664325
2019-04-17 01:00:00,5.628734,-2.4327726
2019-04-17 01:30:00,5.4748197,-2.4048612
2019-04-17 02:00:00,14.813853,-3.6348574
2019-04-17 02:30:00,24.15289,-3.7942379
2019-04-17 03:00:00,20.472338,-4.493547
2019-04-17 03:30:00,16.791788,-4.0286927
2019-04-17 04:00:00,13.1112385,-3.4374375
2019-04-17 04:30:00,9.430687,-3.080838
2019-04-17 05:00:00,5.7501316,-2.541766
2019-04-17 05:30:00,2.0695813,-2.579587
2019-04-17 06:00:00,-1.6109694,-2.490815
2019-04-17 06:30:00,-5.29152,-3.722301
2019-04-17 07:00:00,-8.972071,-4.918195
2019-04-17 07:30:00,-12.652621,-7.1403813
2019-04-17 08:00:00,-16.333172,-9.765844
2019-04-17 08:30:00,-16.278362,-13.106163
2019-04-17 09:00:00,-20.989925,-16.079826
2019-04-17 09:30:00,-23.544725,-19.590763
2019-04-17 10:00:00,-23.407072,-20.895142
2019-04-17 10:30:00,-23.894135,-20.939924
2019-04-17 11:00:00,-22.642345,-20.418085
2019-04-17 11:30:00,-20.800888,-21.273067
2019-04-17 12:00:00,-20.788132,-20.65437
2019-04-17 12:30:00,-19.380302,-19.941092
2019-04-17 13:00:00,-18.677721,-19.736912
2019-04-17 13:30:00,-19.064493,-20.947195
2019-04-17 14:00:00,-16.531033,-19.137512
2019-04-17 14:30:00,-16.338264,-16.95851
2019-04-17 15:00:00,-11.988638,-15.394148
2019-04-17 15:30:00,-7.580278,-14.075696
2019-04-17 16:00:00,-12.769606,-12.687292
2019-04-17 16:30:00,-10.200336,-10.744713
2019-04-17 17:00:00,-10.499925,-9.205367
2019-04-17 17:30:00,-5.9973392,-7.7397194
2019-04-17 18:00:00,-2.022662,-6.8267193
2019-04-17 18:30:00,2.4732957,-6.285183
2019-04-17 19:00:00,3.9079561,-5.8154087
2019-04-17 19:30:00,4.8171153,-6.689129
2019-04-17 20:00:00,4.2985053,-4.8500333
2019-04-17 20:30:00,5.417166,-4.2223067
2019-04-17 21:00:00,5.0490885,-3.248909
2019-04-17 21:30:00,2.1240845,-4.231002
2019-04-17 22:00:00,4.861945,-2.6925738
2019-04-17 22:30:00,4.942511,-3.1294208
2019-04-17 23:00:00,2.4318218,-3.2437751
2019-04-17 23:30:00,1.5451728,-1.7219725
2019-04-18 00:00:00,0.9977029,0.3538541
2019-04-18 00:30:00,-0.12829413,1.1361018
2019-04-18 01:00:00,-1.2542956,1.7316301
2019-04-18 01:30:00,-2.3802924,1.5676575
2019-04-18 02:00:00,10.85695,0.81964785
2019-04-18 02:30:00,-2.1609516,-1.1999584
2019-04-18 03:00:00,-26.952639,-0.2159606
2019-04-18 03:30:00,-27.11496,-1.0686641
2019-04-18 04:00:00,-27.277279,-0.82810116
2019-04-18 04:30:00,-27.4396,-0.84361666
2019-04-18 05:00:00,-27.601921,0.100410365
2019-04-18 05:30:00,-27.764242,1.3569065
2019-04-18 06:00:00,-27.926561,-0.7598302
2019-04-18 06:30:00,-28.088882,-1.6420223
2019-04-18 07:00:00,-28.251204,-3.687945
2019-04-18 07:30:00,-28.413525,-6.460787
2019-04-18 08:00:00,-11.077254,-8.760162
2019-04-18 08:30:00,-15.962472,-11.292322
2019-04-18 09:00:00,-17.26037,-13.430722
2019-04-18 09:30:00,-19.828419,-15.539356
2019-04-18 10:00:00,-21.916616,-16.296389
2019-04-18 10:30:00,-18.697754,-17.31453
2019-04-18 11:00:00,-18.591787,-18.807825
2019-04-18 11:30:00,-17.375929,-20.548868
2019-04-18 12:00:00,-14.257362,-20.94525
2019-04-18 12:30:00,-13.414761,-22.345144
2019-04-18 13:00:00,-14.3301735,-21.603447
2019-04-18 13:30:00,-14.013826,-21.139498
2019-04-18 14:00:00,-14.270746,-19.229641
2019-04-18 14:30:00,-11.992348,-18.577496
2019-04-18 15:00:00,-10.013739,-16.856558
2019-04-18 15:30:00,-11.714615,-13.473404
2019-04-18 16:00:00,-11.212944,-12.835596
2019-04-18 16:30:00,-8.796467,-10.994508
2019-04-18 17:00:00,-7.057534,-8.783839
2019-04-18 17:30:00,-3.1250296,-5.883448
2019-04-18 18:00:00,-1.1098276,-3.3444884
2019-04-18 18:30:00,0.9706348,-1.2636372
2019-04-18 19:00:00,2.6492796,0.64668304
2019-04-18 19:30:00,2.135934,0.17505622
2019-04-18 20:00:00,1.6225932,-0.093671456
2019-04-18 20:30:00,2.662641,-0.20161606
2019-04-18 21:00:00,2.148234,0.42674783
2019-04-18 21:30:00,6.2345304,1.2580764
2019-04-18 22:00:00,5.243179,2.9693122
2019-04-18 22:30:00,5.655575,4.955344
2019-04-18 23:00:00,3.4428833,7.510907
2019-04-18 23:30:00,5.9521704,8.713962
2019-04-19 00:00:00,5.4805217,9.017312
2019-04-19 00:30:00,7.840954,6.2509503
2019-04-19 01:00:00,6.149302,5.2647414
2019-04-19 01:30:00,7.60937,5.0038
2019-04-19 02:00:00,9.788401,6.7044487
2019-04-19 02:30:00,5.593801,6.147366
2019-04-19 03:00:00,5.981423,3.8161824
2019-04-19 03:30:00,5.4902344,3.277993
2019-04-19 04:00:00,5.0973654,1.6011134
2019-04-19 04:30:00,3.1295402,1.5244228
2019-04-19 05:00:00,6.056475,3.3206465
2019-04-19 05:30:00,6.098517,3.9874082
2019-04-19 06:00:00,5.9005113,4.2655783
2019-04-19 06:30:00,2.9791389,5.292054
2019-04-19 07:00:00,0.74460876,4.13923
2019-04-19 07:30:00,-1.9014782,3.7451675
2019-04-19 08:00:00,-5.7414618,0.20210245
2019-04-19 08:30:00,-8.76076,-0.36111456
2019-04-19 09:00:00,-10.328344,-3.6262324
2019-04-19 09:30:00,-15.973123,-5.0188336
2019-04-19 10:00:00,-19.66175,-7.8523483
2019-04-19 10:30:00,-24.726028,-10.9348755
2019-04-19 11:00:00,-29.330309,-12.323032
2019-04-19 11:30:00,-25.418617,-13.228188
2019-04-19 12:00:00,-27.677603,-12.419084
2019-04-19 12:30:00,-24.801199,-12.0181265
2019-04-19 13:00:00,-23.862307,-11.999312
2019-04-19 13:30:00,-24.568579,-9.732113
2019-04-19 14:00:00,-24.730198,-8.871869
2019-04-19 14:30:00,-19.731638,-8.075735
2019-04-19 15:00:00,-21.015554,-6.3851886
2019-04-19 15:30:00,-17.78455,-5.719069
2019-04-19 16:00:00,-18.221256,-4.1452622
2019-04-19 16:30:00,-14.169679,-3.560382
2019-04-19 17:00:00,-10.930903,0.6918664
2019-04-19 17:30:00,-7.505405,1.2677546
2019-04-19 18:00:00,-2.4009638,0.7769768
2019-04-19 18:30:00,2.0241096,1.121954
2019-04-19 19:00:00,5.0759816,4.4763856
2019-04-19 19:30:00,5.7282066,7.886797
2019-04-19 20:00:00,4.6213164,7.087994
2019-04-19 20:30:00,5.14001,8.367084
2019-04-19 21:00:00,6.910262,7.0888414
2019-04-19 21:30:00,6.040322,5.7833824
2019-04-19 22:00:00,4.9860387,3.770702
2019-04-19 22:30:00,4.225188,0.92507136
2019-04-19 23:00:00,4.4259152,2.1387436
2019-04-19 23:30:00,4.425863,-0.019034345
2019-04-20 00:00:00,3.7590446,1.806359
2019-04-20 00:30:00,4.464676,2.2832465
2019-04-20 01:00:00,4.571585,1.9311255
2019-04-20 01:30:00,4.971358,0.72270525
2019-04-20 02:00:00,4.29778,-0.027593888
2019-04-20 02:30:00,3.4136393,-1.4125706
2019-04-20 03:00:00,7.4472237,-1.2634931
2019-04-20 03:30:00,5.1271596,-0.46481654
2019-04-20 04:00:00,2.9773605,-1.0440079
2019-04-20 04:30:00,4.6195602,-1.0629883
2019-04-20 05:00:00,3.385208,-0.8997322
2019-04-20 05:30:00,4.784289,-0.3601664
2019-04-20 06:00:00,4.7182765,-0.63877755
2019-04-20 06:30:00,3.6275797,-3.1209397
2019-04-20 07:00:00,3.2977338,-3.4375553
2019-04-20 07:30:00,1.6900734,-5.655277
2019-04-20 08:00:00,1.3124923,-7.608932
2019-04-20 08:30:00,-0.3185921,-10.708792
2019-04-20 09:00:00,-2.868916,-11.819934
2019-04-20 09:30:00,-6.4524198,-13.362602
2019-04-20 10:00:00,-4.592312,-13.233191
2019-04-20 10:30:00,-5.391954,-14.071143
2019-04-20 11:00:00,-10.204683,-15.621165
2019-04-20 11:30:00,-11.174241,-16.795658
2019-04-20 12:00:00,-16.093277,-19.247988
2019-04-20 12:30:00,-10.20603,-19.98905
2019-04-20 13:00:00,-8.107256,-19.362999
2019-04-20 13:30:00,-14.805492,-19.603325
2019-04-20 14:00:00,-15.995127,-18.670492
2019-04-20 14:30:00,-7.182755,-17.848408
2019-04-20 15:00:00,-7.5972266,-16.249168
2019-04-20 15:30:00,-7.6724973,-15.806709
2019-04-20 16:00:00,-7.879779,-13.933651
2019-04-20 16:30:00,-4.6525826,-13.209964
2019-04-20 17:00:00,-1.9669877,-11.631432
2019-04-20 17:30:00,-0.6014983,-9.512558
2019-04-20 18:00:00,2.3961897,-7.948618
2019-04-20 18:30:00,3.2419024,-6.7098217
2019-04-20 19:00:00,3.5612051,-5.5198445
2019-04-20 19:30:00,3.1661642,-4.3339305
2019-04-20 20:00:00,2.3347132,-3.9167411
2019-04-20 20:30:00,3.2393768,-3.3425179
2019-04-20 21:00:00,4.0289564,-2.1166682
2019-04-20 21:30:00,3.0102746,-1.0451176
2019-04-20 22:00:00,4.4830184,-1.628639
2019-04-20 22:30:00,2.6867118,-0.8660183
2019-04-20 23:00:00,0.57099295,-0.19701952
2019-04-20 23:30:00,-1.5447258,1.1846976
2019-04-21 00:00:00,3.9185169,3.1340363
2019-04-21 00:30:00,-0.7923512,3.7076786
2019-04-21 01:00:00,1.8238363,4.3121247
2019-04-21 01:30:00,4.4400196,4.8002806
2019-04-21 02:00:00,1.7643085,2.0121725
2019-04-21 02:30:00,2.1953878,-0.011047187
2019-04-21 03:00:00,2.6264715,1.8527089
2019-04-21 03:30:00,2.0239828,-0.055452816
2019-04-21 04:00:00,1.0234777,-0.026147636
2019-04-21 04:30:00,3.1452131,-1.5351831
2019-04-21 05:00:00,4.153557,-2.7740881
2019-04-21 05:30:00,3.0538938,-3.283274
2019-04-21 06:00:00,4.7200594,-3.7215016
2019-04-21 06:30:00,4.4210176,-3.076438
2019-04-21 07:00:00,4.1219754,-5.6147203
2019-04-21 07:30:00,3.822933,-5.166793
2019-04-21 08:00:00,3.523891,-6.224676
2019-04-21 08:30:00,3.2248487,-5.7212276
2019-04-21 09:00:00,2.9258065,-6.097131
2019-04-21 09:30:00,2.6267688,-4.838791
2019-04-21 10:00:00,2.3277266,-5.0144253
2019-04-21 10:30:00,2.0286841,-5.1219025
2019-04-21 11:00:00,1.729642,-5.7372804
2019-04-21 11:30:00,1.4305999,-12.142469
2019-04-21 12:00:00,1.1315577,-12.074177
2019-04-21 12:30:00,0.83251995,-14.981411
2019-04-21 13:00:00,0.5334777,-12.454825
2019-04-21 13:30:00,0.23443559,-16.195934
2019-04-21 14:00:00,9.433789,-16.209585
2019-04-21 14:30:00,3.5086899,-10.984943
2019-04-21 15:00:00,-2.4164095,-12.965903
2019-04-21 15:30:00,1.6117965,-8.467036
2019-04-21 16:00:00,0.4053992,-6.218765
2019-04-21 16:30:00,-0.8010025,-5.2903013
2019-04-21 17:00:00,-2.0073998,-2.1621401
2019-04-21 17:30:00,1.4713135,-0.71309566
2019-04-21 18:00:00,3.3474743,-0.17921881
2019-04-21 18:30:00,5.2236347,2.0946743
2019-04-21 19:00:00,5.338741,2.4006248
2019-04-21 19:30:00,5.782194,3.3812625
2019-04-21 20:00:00,5.6050086,3.6252377
2019-04-21 20:30:00,4.589866,4.5848236
2019-04-21 21:00:00,5.0184197,2.4378252
2019-04-21 21:30:00,3.9393454,1.7719154
2019-04-21 22:00:00,3.7614214,1.8062673
2019-04-21 22:30:00,4.8469844,3.5669203
2019-04-21 23:00:00,5.7433333,3.3412044
2019-04-21 23:30:00,3.23007,2.6114674
2019-04-22 00:00:00,4.8581963,1.2262545
2019-04-22 00:30:00,5.0674963,0.84533083
2019-04-22 01:00:00,5.3866243,1.2397602
2019-04-22 01:30:00,5.7057524,1.6470221
2019-04-22 02:00:00,4.062644,2.4482548
2019-04-22 02:30:00,5.005976,3.3498557
2019-04-22 03:00:00,5.8846946,3.1818807
2019-04-22 03:30:00,5.4718003,3.844002
2019-04-22 04:00:00,4.565962,3.4354467
2019-04-22 04:30:00,4.4483128,4.063876
2019-04-22 05:00:00,6.184117,3.0050359
2019-04-22 05:30:00,5.0123377,1.1650618
2019-04-22 06:00:00,6.839208,-0.097499005
2019-04-22 06:30:00,5.1376157,-1.9217607
2019-04-22 07:00:00,2.8562467,-2.680995
2019-04-22 07:30:00,1.3767041,-3.6285744
2019-04-22 08:00:00,1.1293075,-6.3653035
2019-04-22 08:30:00,-0.5744827,-6.84123
2019-04-22 09:00:00,-1.4919354,-9.17815
2019-04-22 09:30:00,-2.8283556,-10.558482
2019-04-22 10:00:00,-4.719464,-10.005227
2019-04-22 10:30:00,-4.9609313,-7.6080627
2019-04-22 11:00:00,-4.208714,-7.2306037
2019-04-22 11:30:00,-5.959955,-6.126034
2019-04-22 12:00:00,-9.455586,-5.7747736
2019-04-22 12:30:00,-3.9025016,-5.0269523
2019-04-22 13:00:00,-3.8930025,-3.3145628
2019-04-22 13:30:00,-4.458409,-3.3082535
2019-04-22 14:00:00,-2.21431,-4.4282866
2019-04-22 14:30:00,-1.9286424,-3.519686
2019-04-22 15:00:00,-8.061618,-2.0558996
2019-04-22 15:30:00,-4.847643,-1.6942315
2019-04-22 16:00:00,0.1190762,0.14267501
2019-04-22 16:30:00,-0.45616522,0.33085823
2019-04-22 17:00:00,0.78363574,1.2152743
2019-04-22 17:30:00,2.023441,2.7301474
2019-04-22 18:00:00,2.2080808,3.931555
2019-04-22 18:30:00,5.7905917,4.277668
2019-04-22 19:00:00,5.322653,3.6354096
2019-04-22 19:30:00,12.691925,4.023014
2019-04-22 20:00:00,13.252708,4.709774
2019-04-22 20:30:00,13.813488,3.8506608
2019-04-22 21:00:00,14.374267,3.7884502
2019-04-22 21:30:00,13.004232,4.2422414
2019-04-22 22:00:00,6.4701996,4.1770334
2019-04-22 22:30:00,1.8564929,4.5526266
2019-04-22 23:00:00,46.589184,4.704496
2019-04-22 23:30:00,4.226481,4.7519116
2019-04-23 00:00:00,4.251841,5.398531
2019-04-23 00:30:00,4.068958,5.558558
2019-04-23 01:00:00,9.053464,5.075453
2019-04-23 01:30:00,14.037975,5.7297096
2019-04-23 02:00:00,9.669952,5.1239524
2019-04-23 02:30:00,5.301929,4.9552174
2019-04-23 03:00:00,24.879038,4.58509
2019-04-23 03:30:00,3.5500326,4.175006
2019-04-23 04:00:00,2.8395164,4.079409
2019-04-23 04:30:00,4.352519,3.8763394
2019-04-23 05:00:00,4.1149974,3.816178
2019-04-23 05:30:00,3.938192,4.1241293
2019-04-23 06:00:00,3.7321424,5.073679
2019-04-23 06:30:00,2.9137297,4.5034494
2019-04-23 07:00:00,2.173825,3.0283942
2019-04-23 07:30:00,0.9802081,1.9014752
2019-04-23 08:00:00,-0.8970188,0.28694633
2019-04-23 08:30:00,-1.2982336,-0.7015038
2019-04-23 09:00:00,-1.6981945,-2.2413518
2019-04-23 09:30:00,-2.1484685,-3.5144863
2019-04-23 10:00:00,-2.2959685,-2.7849853
2019-04-23 10:30:00,-5.4713974,-2.5633767
2019-04-23 11:00:00,-3.1904166,-2.3877902
2019-04-23 11:30:00,-6.9736733,-3.1866066
2019-04-23 12:00:00,-4.264427,-3.846539
2019-04-23 12:30:00,-4.217212,-2.3350873
2019-04-23 13:00:00,-6.5377965,-2.1332893
2019-04-23 13:30:00,-10.634264,-2.2712426
2019-04-23 14:00:00,-11.74409,-2.0730274
2019-04-23 14:30:00,-10.071266,-1.3063432
2019-04-23 15:00:00,-5.6822224,-1.600199
2019-04-23 15:30:00,-4.876756,-1.3477077
2019-04-23 16:00:00,-8.064703,-0.3537653
2019-04-23 16:30:00,-4.7900987,0.023029316
2019-04-23 17:00:00,-2.2560897,0.43947572
2019-04-23 17:30:00,-1.7342416,0.9015992
2019-04-23 18:00:00,0.9680613,1.365134
2019-04-23 18:30:00,2.251499,2.5001671
2019-04-23 19:00:00,3.534941,3.217412
2019-04-23 19:30:00,11.460361,4.7787175
2019-04-23 20:00:00,19.385784,5.3335543
2019-04-23 20:30:00,4.395356,5.359421
2019-04-23 21:00:00,9.414887,5.6840544
2019-04-23 21:30:00,14.434423,6.0315876
2019-04-23 22:00:00,-0.65526307,5.912108
2019-04-23 22:30:00,17.54115,5.6614122
2019-04-23 23:00:00,-32.734936,9.028826
2019-04-23 23:30:00,-33.87075,10.652084
2019-04-24 00:00:00,-35.006565,11.010323
2019-04-24 00:30:00,-36.14238,12.10989
2019-04-24 01:00:00,-37.278194,11.450241
2019-04-24 01:30:00,-1.7822214,12.0693245
2019-04-24 02:00:00,-11.7118845,11.888495
2019-04-24 02:30:00,-4.535488,11.085322
2019-04-24 03:00:00,-14.128635,10.853752
2019-04-24 03:30:00,-23.721786,10.749237
2019-04-24 04:00:00,-33.314934,9.558286
2019-04-24 04:30:00,-28.492624,11.171027
2019-04-24 05:00:00,-23.670317,14.09483
2019-04-24 05:30:00,-18.84801,14.379991
2019-04-24 06:00:00,-14.0257,17.708788
2019-04-24 06:30:00,-10.815055,13.80512
2019-04-24 07:00:00,-12.845497,9.920163
2019-04-24 07:30:00,-14.875939,7.7078333
2019-04-24 08:00:00,-16.906382,4.681203
2019-04-24 08:30:00,-18.936825,2.824215
2019-04-24 09:00:00,-10.926429,2.3209236
2019-04-24 09:30:00,-14.442053,-2.0166366
2019-04-24 10:00:00,-28.257614,-3.2338347
2019-04-24 10:30:00,-23.47779,-5.738377
2019-04-24 11:00:00,-20.423908,-6.4645357
2019-04-24 11:30:00,-17.502794,-6.865165
2019-04-24 12:00:00,-20.028536,-6.1956377
2019-04-24 12:30:00,-14.782212,-6.797283
2019-04-24 13:00:00,-15.109393,-6.4832454
2019-04-24 13:30:00,-15.400478,-6.3837423
2019-04-24 14:00:00,-5.5181713,-7.2801695
2019-04-24 14:30:00,-19.974113,-6.191404
2019-04-24 15:00:00,-17.101519,-5.4476414
2019-04-24 15:30:00,-17.954618,-4.2949033
2019-04-24 16:00:00,-11.631785,-5.272553
2019-04-24 16:30:00,-11.338096,-2.278487
2019-04-24 17:00:00,-8.669756,-0.053670123
2019-04-24 17:30:00,-5.692005,2.2549376
2019-04-24 18:00:00,-2.39815,1.7892005
2019-04-24 18:30:00,-0.6447286,3.0638165
2019-04-24 19:00:00,-2.799911,3.8903651
2019-04-24 19:30:00,12.500627,5.0701747
2019-04-24 20:00:00,2.9066164,8.079796
2019-04-24 20:30:00,-12.503102,6.5296445
2019-04-24 21:00:00,-8.12233,8.261206
2019-04-24 21:30:00,1.8912203,8.354125
2019-04-24 22:00:00,8.865193,6.304138
2019-04-24 22:30:00,6.584759,9.259243
2019-04-24 23:00:00,5.453095,2.144651
2019-04-24 23:30:00,6.0956244,-0.5346124
